158 
73 
21 
22 
112 
241 
301 
284 
353 
440 
502 
511 
504 
443 
357 
258 
161 
17 
284 
377 
219 
244 
301 
281 
353 
440 
502 
511 
504 
443 
357 
258 
161 
43 
13 
52 
104 
158 
214 
277 
349 
432 
490 
511 
493 
435 
353 
258 
165 
65 
23 
35 
79 
143 
211 
277 
349 
432 
490 
511 
492 
435 
353 
258 
165 
67 
24 
42 
85 
145 
211 
276 
345 
425 
480 
502 
482 
427 
349 
258 
169 
74 
33 
40 
81 
143 
209 
276 
345 
424 
480 
502 
482 
426 
349 
258 
169 
76 
34 
47 
85 
143 
207 
273 
341 
417 
470 
490 
471 
419 
345 
258 
173 
86 
42 
45 
81 
138 
205 
273 
340 
417 
470 
490 
471 
419 
345 
258 
173 
87 
44 
52 
87 
143 
205 
272 
337 
410 
460 
479 
462 
413 
341 
257 
176 
95 
52 
51 
84 
139 
202 
269 
337 
410 
460 
479 
462 
413 
340 
257 
176 
96 
53 
60 
90 
142 
205 
269 
333 
403 
451 
469 
452 
406 
337 
257 
180 
102 
62 
60 
87 
139 
202 
266 
333 
403 
451 
469 
452 
406 
337 
257 
180 
104 
62 
67 
94 
143 
202 
266 
330 
397 
442 
459 
443 
399 
333 
257 
183 
111 
70 
66 
92 
141 
202 
266 
330 
397 
442 
459 
443 
399 
333 
257 
183 
111 
71 
73 
97 
144 
202 
265 
327 
391 
434 
450 
435 
393 
330 
257 
186 
117 
79 
73 
96 
142 
200 
263 
327 
391 
434 
450 
435 
393 
330 
257 
186 
118 
79 
72 
96 
142 
200 
263 
327 
391 
434 
450 
435 
393 
330 
257 
186 
118 
79 
73 
96 
140 
198 
263 
327 
391 
434 
450 
435 
393 
330 
257 
186 
119 
79 
80 
100 
143 
200 
263 
324 
385 
427 
441 
428 
387 
327 
257 
189 
125 
88 
80 
99 
142 
198 
263 
324 
385 
427 
442 
428 
387 
327 
257 
189 
125 
88 
87 
106 
147 
201 
260 
321 
380 
419 
433 
420 
382 
324 
257 
192 
131 
95 
87 
106 
147 
201 
260 
321 
380 
419 
433 
420 
382 
324 
257 
192 
131 
96 
94 
113 
151 
202 
260 
318 
374 
412 
426 
413 
376 
321 
257 
195 
136 
102 
93 
112 
151 
203 
260 
318 
374 
412 
426 
413 
377 
321 
257 
195 
136 
102 
100 
119 
156 
205 
260 
316 
369 
405 
418 
407 
371 
318 
257 
196 
141 
108 
100 
118 
155 
205 
260 
316 
369 
404 
418 
407 
371 
318 
257 
197 
141 
108 
107 
124 
159 
208 
260 
313 
364 
398 
411 
399 
366 
316 
257 
200 
146 
115 
107 
124 
159 
208 
260 
313 
364 
398 
411 
399 
366 
316 
257 
200 
146 
115 
113 
129 
163 
210 
260 
311 
359 
392 
405 
393 
361 
313 
257 
202 
151 
120 
113 
129 
163 
210 
260 
311 
359 
392 
405 
393 
361 
313 
257 
202 
151 
120 
119 
135 
167 
211 
259 
309 
355 
387 
398 
388 
357 
311 
257 
204 
154 
126 
119 
135 
167 
212 
259 
309 
355 
387 
398 
388 
357 
311 
257 
204 
155 
126 
119 
135 
167 
211 
259 
309 
355 
387 
398 
388 
357 
311 
257 
204 
154 
126 
119 
135 
167 
211 
259 
309 
355 
387 
398 
388 
357 
311 
257 
204 
154 
126 
124 
140 
171 
212 
259 
306 
351 
381 
392 
382 
353 
309 
257 
207 
159 
131 
124 
140 
171 
213 
259 
306 
351 
381 
392 
382 
353 
309 
257 
207 
159 
131 
130 
145 
175 
214 
259 
304 
347 
375 
386 
376 
349 
306 
257 
209 
163 
137 
130 
145 
175 
214 
259 
304 
347 
375 
386 
377 
349 
306 
257 
209 
163 
137 
136 
150 
178 
216 
259 
302 
343 
370 
381 
371 
345 
304 
257 
211 
167 
142 
136 
150 
178 
216 
259 
302 
343 
370 
381 
371 
345 
304 
257 
211 
167 
142 
141 
153 
181 
218 
259 
300 
340 
365 
376 
366 
340 
302 
257 
212 
170 
147 
141 
153 
181 
218 
259 
300 
340 
365 
376 
366 
341 
302 
257 
213 
170 
147 
146 
158 
185 
219 
259 
298 
335 
361 
370 
361 
337 
300 
257 
214 
174 
151 
146 
158 
185 
219 
259 
298 
335 
361 
370 
361 
336 
300 
257 
214 
174 
151 
150 
162 
188 
221 
258 
297 
332 
356 
365 
357 
333 
298 
256 
215 
178 
156 
150 
162 
188 
221 
258 
297 
332 
356 
365 
357 
332 
297 
255 
214 
180 
157 
154 
162 
184 
216 
256 
296 
329 
353 
360 
352 
329 
296 
255 
217 
184 
161 
155 
162 
184 
216 
256 
296 
329 
353 
360 
352 
329 
296 
255 
216 
184 
161 
154 
162 
184 
216 
256 
296 
329 
353 
360 
352 
329 
296 
255 
216 
184 
161 
155 
162 
184 
216 
256 
296 
329 
353 
360 
352 
329 
296 
255 
216 
184 
161 
158 
166 
187 
218 
256 
294 
326 
349 
356 
348 
326 
294 
255 
218 
187 
165 
158 
166 
187 
218 
256 
294 
326 
349 
356 
348 
326 
294 
255 
218 
187 
165 
162 
170 
190 
220 
256 
293 
323 
345 
352 
344 
323 
292 
255 
219 
190 
169 
162 
170 
190 
220 
256 
293 
323 
345 
352 
344 
323 
292 
255 
219 
190 
169 
166 
173 
193 
221 
256 
291 
321 
340 
348 
341 
320 
291 
255 
221 
192 
173 
166 
173 
193 
221 
256 
291 
321 
341 
348 
341 
320 
291 
255 
221 
192 
173 
170 
177 
196 
223 
256 
290 
318 
336 
344 
336 
317 
288 
255 
222 
195 
177 
170 
177 
196 
223 
256 
290 
318 
336 
344 
336 
317 
288 
255 
222 
195 
177 
174 
180 
198 
224 
256 
287 
315 
333 
340 
333 
315 
288 
255 
224 
198 
180 
174 
180 
198 
224 
256 
288 
315 
333 
340 
333 
315 
288 
255 
224 
198 
180 
177 
183 
201 
225 
256 
286 
313 
330 
336 
330 
312 
286 
255 
225 
200 
183 
177 
183 
201 
225 
256 
287 
313 
330 
336 
330 
312 
286 
255 
225 
200 
183 
181 
186 
202 
227 
256 
285 
310 
327 
332 
327 
310 
284 
255 
226 
203 
186 
181 
186 
203 
227 
256 
285 
310 
327 
332 
327 
310 
284 
255 
226 
203 
186 
181 
186 
203 
227 
256 
285 
310 
327 
332 
327 
310 
284 
255 
226 
203 
186 
181 
186 
203 
227 
256 
285 
310 
327 
332 
327 
310 
284 
255 
226 
203 
186 
181 
186 
203 
227 
256 
285 
310 
327 
332 
327 
310 
284 
255 
226 
203 
186 
181 
186 
203 
227 
256 
285 
310 
327 
332 
327 
310 
284 
255 
226 
203 
186 
184 
189 
205 
228 
256 
284 
308 
324 
329 
324 
308 
283 
255 
227 
205 
189 
184 
189 
205 
228 
256 
284 
308 
324 
329 
324 
308 
283 
255 
227 
205 
189 
184 
189 
205 
228 
256 
284 
308 
324 
329 
324 
308 
283 
255 
227 
205 
189 
184 
189 
205 
228 
256 
284 
308 
324 
329 
324 
308 
283 
255 
227 
205 
189 
187 
192 
207 
229 
256 
282 
306 
321 
326 
321 
306 
282 
255 
229 
207 
192 
187 
192 
207 
229 
256 
282 
306 
321 
326 
321 
306 
282 
255 
229 
207 
192 
187 
192 
207 
229 
256 
282 
306 
321 
326 
321 
306 
282 
255 
229 
207 
192 
187 
192 
207 
229 
256 
282 
306 
321 
326 
321 
306 
282 
255 
229 
207 
192 
190 
195 
209 
230 
256 
281 
304 
318 
323 
318 
304 
281 
255 
230 
209 
195 
190 
195 
209 
230 
256 
281 
304 
318 
323 
318 
304 
281 
255 
230 
209 
195 
190 
195 
209 
230 
256 
281 
304 
318 
323 
318 
304 
281 
255 
230 
209 
195 
190 
195 
209 
230 
256 
281 
304 
318 
323 
318 
304 
281 
255 
230 
209 
195 
193 
198 
210 
231 
256 
280 
302 
316 
320 
315 
302 
280 
255 
231 
211 
197 
193 
198 
211 
231 
256 
280 
302 
316 
320 
315 
302 
280 
255 
231 
210 
197 
193 
198 
211 
231 
256 
280 
302 
316 
320 
315 
302 
280 
255 
231 
211 
197 
193 
198 
211 
231 
256 
280 
302 
316 
320 
315 
302 
280 
255 
231 
211 
197 
195 
200 
212 
232 
256 
279 
300 
313 
318 
313 
300 
279 
255 
232 
213 
200 
195 
200 
213 
232 
256 
279 
300 
313 
318 
313 
300 
279 
255 
232 
213 
200 
195 
200 
212 
232 
256 
279 
300 
313 
318 
313 
300 
279 
255 
232 
213 
200 
195 
200 
213 
232 
256 
279 
300 
313 
318 
313 
300 
279 
255 
232 
213 
200 
198 
203 
214 
233 
256 
278 
298 
311 
315 
310 
298 
278 
255 
233 
214 
202 
198 
203 
214 
233 
256 
278 
298 
311 
315 
310 
298 
278 
255 
233 
214 
202 
198 
203 
214 
233 
256 
278 
298 
311 
315 
310 
298 
278 
255 
233 
215 
202 
198 
203 
214 
233 
256 
278 
298 
311 
315 
310 
298 
278 
255 
233 
215 
202 
200 
205 
216 
234 
256 
277 
296 
308 
313 
308 
296 
277 
255 
234 
216 
205 
200 
205 
216 
234 
256 
277 
296 
308 
313 
308 
296 
277 
255 
234 
216 
205 
200 
205 
216 
234 
256 
277 
296 
308 
313 
308 
296 
277 
255 
234 
216 
205 
200 
204 
216 
234 
256 
277 
296 
308 
313 
308 
296 
277 
255 
234 
216 
204 
200 
205 
216 
234 
256 
277 
296 
308 
313 
308 
296 
277 
255 
234 
216 
205 
200 
205 
217 
234 
256 
277 
296 
308 
313 
308 
296 
277 
255 
234 
216 
205 
200 
205 
216 
234 
256 
277 
296 
308 
313 
308 
296 
277 
255 
234 
216 
205 
200 
205 
216 
234 
256 
277 
296 
308 
313 
308 
296 
277 
255 
234 
216 
205 
203 
207 
218 
235 
256 
276 
295 
306 
310 
306 
294 
276 
255 
235 
217 
207 
203 
207 
218 
235 
256 
276 
295 
306 
310 
306 
294 
276 
255 
235 
218 
207 
203 
207 
218 
235 
256 
276 
295 
306 
310 
306 
294 
276 
255 
235 
217 
207 
203 
206 
218 
235 
256 
276 
295 
306 
310 
306 
294 
276 
255 
235 
217 
206 
205 
209 
219 
236 
256 
275 
293 
304 
308 
304 
293 
275 
255 
236 
219 
209 
205 
209 
219 
236 
256 
275 
293 
304 
308 
304 
293 
275 
255 
236 
219 
209 
205 
209 
219 
236 
256 
275 
293 
304 
308 
304 
293 
275 
255 
236 
219 
209 
205 
209 
219 
236 
256 
275 
293 
304 
308 
304 
293 
275 
255 
236 
219 
209 
207 
211 
221 
237 
256 
274 
290 
302 
306 
302 
291 
274 
255 
237 
221 
211 
207 
211 
221 
237 
256 
274 
291 
302 
306 
302 
291 
274 
255 
237 
221 
211 
207 
211 
221 
237 
256 
274 
291 
302 
306 
302 
291 
274 
255 
237 
221 
211 
207 
210 
221 
237 
256 
274 
290 
302 
306 
302 
291 
274 
255 
237 
221 
210 
209 
212 
222 
238 
256 
274 
289 
300 
304 
300 
289 
273 
255 
237 
222 
213 
209 
213 
222 
238 
256 
274 
290 
300 
304 
300 
290 
273 
255 
237 
222 
213 
209 
213 
222 
238 
256 
274 
290 
300 
304 
300 
290 
273 
255 
237 
222 
212 
209 
212 
222 
238 
256 
274 
290 
300 
304 
300 
290 
273 
255 
237 
222 
213 
211 
214 
224 
238 
256 
273 
288 
298 
302 
298 
288 
273 
255 
238 
223 
214 
211 
214 
224 
238 
256 
273 
289 
298 
302 
298 
288 
273 
255 
238 
223 
214 
210 
214 
224 
238 
256 
273 
289 
298 
302 
298 
287 
273 
255 
238 
223 
214 
211 
214 
224 
238 
256 
273 
288 
298 
302 
298 
288 
273 
255 
238 
223 
214 
213 
216 
225 
239 
256 
272 
286 
296 
300 
296 
286 
272 
255 
239 
225 
216 
213 
216 
225 
239 
256 
272 
286 
296 
300 
296 
286 
272 
255 
239 
225 
216 
212 
216 
225 
239 
256 
272 
287 
296 
300 
296 
286 
272 
255 
239 
225 
216 
212 
216 
225 
239 
256 
272 
286 
296 
300 
296 
286 
272 
255 
239 
225 
216 
214 
217 
226 
240 
256 
271 
285 
295 
298 
295 
285 
271 
255 
240 
226 
217 
215 
217 
226 
240 
256 
271 
285 
295 
298 
295 
285 
271 
255 
240 
226 
218 
214 
217 
226 
240 
256 
271 
286 
295 
298 
295 
285 
271 
255 
240 
226 
217 
214 
217 
226 
240 
256 
271 
285 
295 
298 
295 
285 
271 
255 
240 
226 
217 
214 
217 
226 
240 
256 
271 
285 
295 
298 
295 
285 
271 
255 
240 
226 
217 
214 
217 
226 
240 
256 
271 
285 
295 
298 
295 
285 
271 
255 
240 
226 
217 
214 
217 
226 
240 
256 
271 
285 
295 
298 
294 
285 
271 
255 
240 
226 
217 
214 
217 
226 
240 
256 
271 
285 
295 
298 
295 
285 
271 
255 
240 
226 
217 
216 
219 
228 
240 
256 
271 
284 
293 
296 
293 
283 
271 
255 
240 
227 
219 
216 
219 
228 
240 
256 
271 
285 
293 
296 
293 
283 
271 
255 
240 
227 
219 
216 
219 
228 
240 
256 
271 
284 
293 
296 
293 
283 
271 
255 
240 
227 
219 
216 
219 
228 
240 
256 
271 
284 
293 
296 
293 
283 
271 
255 
240 
227 
219 
218 
220 
229 
241 
256 
270 
282 
292 
294 
292 
282 
270 
255 
241 
229 
220 
218 
220 
229 
241 
256 
270 
282 
292 
294 
292 
282 
270 
255 
241 
229 
220 
218 
220 
229 
241 
256 
270 
282 
292 
294 
292 
282 
270 
255 
241 
229 
220 
218 
220 
229 
241 
256 
270 
282 
292 
294 
292 
282 
270 
255 
241 
229 
220 
219 
222 
230 
242 
256 
270 
281 
289 
293 
290 
281 
269 
255 
241 
230 
222 
219 
222 
230 
242 
256 
270 
281 
289 
293 
290 
281 
269 
255 
241 
230 
222 
219 
222 
230 
242 
256 
270 
281 
290 
293 
290 
281 
269 
255 
241 
230 
222 
219 
222 
230 
242 
256 
270 
281 
290 
293 
290 
281 
269 
255 
241 
230 
222 
221 
223 
231 
242 
256 
269 
280 
289 
291 
289 
280 
269 
255 
242 
231 
223 
221 
223 
231 
242 
256 
269 
280 
289 
291 
289 
280 
269 
255 
242 
231 
223 
221 
223 
231 
242 
256 
269 
280 
289 
291 
288 
280 
269 
255 
242 
231 
223 
221 
223 
231 
242 
256 
269 
280 
289 
291 
288 
280 
269 
255 
242 
231 
223 
222 
225 
232 
243 
256 
268 
279 
286 
290 
286 
279 
268 
255 
243 
232 
225 
222 
225 
232 
243 
256 
268 
279 
286 
290 
286 
279 
268 
255 
243 
232 
225 
222 
225 
232 
243 
256 
268 
279 
286 
290 
286 
279 
268 
255 
243 
232 
225 
222 
225 
232 
243 
256 
268 
279 
287 
290 
286 
279 
268 
255 
243 
232 
225 
224 
226 
233 
243 
256 
268 
278 
285 
288 
285 
278 
268 
255 
243 
233 
226 
224 
226 
233 
243 
256 
268 
278 
285 
288 
286 
278 
268 
255 
243 
233 
226 
224 
226 
233 
243 
256 
268 
278 
285 
288 
285 
278 
268 
255 
243 
233 
226 
224 
226 
233 
243 
256 
268 
278 
285 
288 
285 
278 
268 
255 
243 
233 
226 
225 
227 
234 
244 
256 
267 
277 
284 
287 
284 
277 
267 
255 
244 
234 
227 
225 
227 
234 
244 
256 
267 
277 
284 
286 
284 
277 
267 
255 
244 
234 
227 
225 
227 
234 
244 
256 
267 
277 
284 
286 
284 
277 
267 
255 
244 
234 
227 
225 
227 
234 
244 
256 
267 
277 
284 
286 
284 
277 
267 
255 
244 
234 
227 
225 
227 
234 
244 
256 
267 
277 
284 
286 
284 
277 
267 
255 
244 
234 
227 
225 
227 
234 
244 
256 
267 
277 
284 
286 
284 
277 
267 
255 
244 
234 
227 
225 
227 
234 
244 
256 
267 
277 
284 
287 
284 
277 
267 
255 
244 
234 
227 
225 
227 
234 
244 
256 
267 
277 
284 
286 
284 
277 
267 
255 
244 
234 
227 
226 
229 
235 
244 
256 
267 
276 
283 
285 
282 
276 
267 
255 
244 
235 
228 
226 
229 
235 
244 
256 
267 
276 
283 
285 
282 
276 
267 
255 
244 
235 
228 
226 
229 
235 
244 
256 
267 
276 
283 
286 
282 
276 
267 
255 
244 
235 
228 
226 
229 
235 
244 
256 
267 
276 
283 
285 
282 
276 
267 
255 
244 
235 
228 
227 
230 
236 
245 
256 
266 
275 
281 
284 
281 
275 
266 
255 
245 
236 
230 
227 
230 
236 
245 
256 
266 
275 
281 
284 
281 
275 
266 
255 
245 
236 
230 
227 
230 
236 
245 
256 
266 
275 
281 
284 
281 
275 
266 
255 
245 
236 
230 
227 
230 
236 
245 
256 
266 
275 
281 
284 
281 
275 
266 
255 
245 
236 
230 
229 
231 
237 
245 
256 
266 
275 
280 
282 
280 
274 
266 
255 
245 
236 
231 
229 
231 
237 
245 
256 
266 
275 
280 
282 
280 
274 
266 
255 
245 
236 
231 
229 
231 
237 
245 
256 
266 
275 
280 
282 
280 
274 
266 
255 
245 
236 
231 
229 
231 
237 
245 
256 
266 
275 
280 
282 
280 
274 
266 
255 
245 
236 
231 
230 
232 
237 
246 
256 
265 
274 
279 
281 
279 
274 
265 
255 
246 
237 
232 
230 
232 
237 
246 
256 
265 
274 
279 
281 
279 
274 
265 
255 
246 
237 
232 
230 
232 
237 
246 
256 
265 
274 
279 
281 
279 
274 
265 
255 
246 
237 
232 
230 
232 
237 
246 
256 
265 
274 
279 
281 
279 
274 
265 
255 
246 
237 
232 
231 
233 
238 
246 
256 
265 
273 
278 
280 
278 
273 
265 
255 
246 
238 
233 
231 
233 
238 
246 
256 
265 
273 
278 
280 
278 
273 
265 
255 
246 
238 
233 
231 
233 
238 
246 
256 
265 
273 
278 
280 
278 
273 
265 
255 
246 
238 
233 
231 
233 
238 
246 
256 
265 
273 
278 
280 
278 
273 
265 
255 
246 
238 
233 
232 
234 
239 
247 
256 
265 
272 
277 
279 
277 
272 
264 
255 
246 
239 
234 
232 
234 
239 
247 
256 
265 
272 
277 
279 
277 
272 
264 
255 
246 
239 
234 
232 
234 
239 
247 
256 
265 
272 
277 
279 
277 
272 
264 
255 
246 
239 
234 
232 
234 
239 
247 
256 
265 
272 
277 
279 
277 
272 
264 
255 
246 
239 
234 
233 
235 
240 
247 
256 
264 
272 
276 
278 
276 
271 
264 
255 
247 
239 
235 
233 
235 
240 
247 
256 
264 
272 
276 
278 
276 
271 
264 
255 
247 
239 
235 
233 
235 
240 
247 
256 
264 
272 
276 
278 
276 
271 
264 
255 
247 
239 
235 
233 
235 
240 
247 
256 
264 
272 
276 
278 
276 
271 
264 
255 
247 
239 
235 
233 
235 
240 
247 
256 
264 
272 
276 
278 
276 
271 
264 
255 
247 
239 
235 
233 
235 
240 
247 
256 
264 
272 
276 
278 
276 
271 
264 
255 
247 
239 
235 
233 
235 
240 
247 
256 
264 
272 
276 
278 
276 
271 
264 
255 
247 
239 
235 
233 
235 
240 
247 
256 
264 
272 
276 
278 
276 
271 
264 
255 
247 
239 
235 
234 
236 
240 
247 
256 
264 
271 
275 
277 
275 
271 
264 
255 
247 
240 
236 
234 
236 
240 
247 
256 
264 
271 
275 
277 
275 
271 
264 
255 
247 
240 
236 
234 
236 
240 
247 
256 
264 
271 
275 
277 
275 
271 
264 
255 
247 
240 
236 
234 
236 
240 
247 
256 
264 
271 
275 
277 
275 
271 
264 
255 
247 
240 
236 
235 
236 
241 
248 
256 
263 
270 
275 
276 
275 
270 
263 
255 
248 
241 
236 
235 
236 
241 
248 
256 
263 
270 
275 
276 
275 
270 
263 
255 
248 
241 
236 
235 
236 
241 
248 
256 
263 
270 
275 
276 
275 
270 
263 
255 
248 
241 
236 
235 
236 
241 
248 
256 
263 
270 
275 
276 
275 
270 
263 
255 
248 
241 
236 
236 
237 
242 
248 
256 
263 
270 
274 
275 
274 
269 
263 
255 
248 
241 
237 
236 
237 
242 
248 
256 
263 
270 
274 
275 
274 
269 
263 
255 
248 
241 
237 
236 
237 
242 
248 
256 
263 
270 
274 
275 
274 
269 
263 
255 
248 
241 
237 
236 
237 
242 
248 
256 
263 
270 
274 
275 
274 
269 
263 
255 
248 
241 
237 
237 
238 
242 
248 
256 
263 
269 
273 
274 
273 
269 
263 
255 
248 
242 
238 
237 
238 
242 
248 
256 
263 
269 
273 
274 
273 
269 
263 
255 
248 
242 
238 
237 
238 
242 
248 
256 
263 
269 
273 
274 
273 
269 
263 
255 
248 
242 
238 
237 
238 
242 
248 
256 
263 
269 
273 
274 
273 
269 
263 
255 
248 
242 
238 
237 
239 
243 
249 
256 
263 
268 
272 
274 
272 
268 
262 
255 
248 
243 
239 
237 
239 
243 
249 
256 
263 
268 
272 
274 
272 
268 
262 
255 
248 
243 
239 
237 
239 
243 
249 
256 
263 
268 
272 
274 
272 
268 
262 
255 
248 
243 
239 
237 
239 
243 
249 
256 
263 
268 
272 
274 
272 
268 
262 
255 
248 
243 
239 
238 
239 
243 
249 
256 
262 
268 
272 
273 
272 
268 
262 
255 
249 
243 
239 
238 
239 
243 
249 
256 
262 
268 
272 
273 
272 
268 
262 
255 
249 
243 
239 
238 
239 
243 
249 
256 
262 
268 
272 
273 
272 
268 
262 
255 
249 
243 
239 
238 
239 
243 
249 
256 
262 
268 
272 
273 
272 
268 
262 
255 
249 
243 
239 
239 
240 
244 
249 
256 
262 
267 
271 
272 
271 
267 
262 
255 
249 
244 
240 
239 
240 
244 
249 
256 
262 
267 
271 
272 
271 
267 
262 
255 
249 
244 
240 
239 
240 
244 
249 
256 
262 
267 
271 
272 
271 
267 
262 
255 
249 
244 
240 
239 
240 
244 
249 
256 
262 
267 
271 
272 
271 
267 
262 
255 
249 
244 
240 
239 
240 
244 
249 
256 
262 
267 
271 
272 
271 
267 
262 
255 
249 
244 
240 
239 
240 
244 
249 
256 
262 
267 
271 
272 
271 
267 
262 
255 
249 
244 
240 
239 
240 
244 
249 
256 
262 
267 
271 
272 
271 
267 
262 
255 
249 
244 
240 
239 
240 
244 
249 
256 
262 
267 
271 
272 
271 
267 
262 
255 
249 
244 
240 
240 
241 
244 
249 
256 
262 
267 
270 
271 
270 
267 
262 
255 
249 
244 
241 
240 
241 
244 
249 
256 
262 
267 
270 
271 
270 
267 
262 
255 
249 
244 
241 
240 
241 
244 
249 
256 
262 
267 
270 
271 
270 
267 
262 
255 
249 
244 
241 
240 
241 
244 
249 
256 
262 
267 
270 
271 
270 
267 
262 
255 
249 
244 
241 
240 
241 
245 
250 
256 
261 
266 
270 
271 
270 
266 
261 
255 
250 
245 
241 
240 
241 
245 
250 
256 
261 
266 
270 
271 
270 
266 
261 
255 
250 
245 
241 
240 
241 
245 
250 
256 
261 
266 
270 
271 
270 
266 
261 
255 
250 
245 
241 
240 
241 
245 
250 
256 
261 
266 
270 
271 
270 
266 
261 
255 
250 
245 
241 
241 
242 
245 
250 
256 
261 
266 
269 
270 
269 
266 
261 
255 
250 
245 
242 
241 
242 
245 
250 
256 
261 
266 
269 
270 
269 
266 
261 
255 
250 
245 
242 
241 
242 
245 
250 
256 
261 
266 
269 
270 
269 
266 
261 
255 
250 
245 
242 
241 
242 
245 
250 
256 
261 
266 
269 
270 
269 
266 
261 
255 
250 
245 
242 
241 
243 
246 
250 
256 
261 
265 
268 
270 
268 
265 
261 
255 
250 
246 
243 
241 
243 
246 
250 
256 
261 
265 
268 
270 
268 
265 
261 
255 
250 
246 
243 
241 
243 
246 
250 
256 
261 
265 
268 
270 
268 
265 
261 
255 
250 
246 
243 
241 
243 
246 
250 
256 
261 
265 
268 
270 
268 
265 
261 
255 
250 
246 
243 
242 
243 
246 
250 
256 
261 
265 
268 
269 
268 
265 
261 
255 
250 
246 
243 
242 
243 
246 
250 
256 
261 
265 
268 
269 
268 
265 
261 
255 
250 
246 
243 
242 
243 
246 
250 
256 
261 
265 
268 
269 
268 
265 
261 
255 
250 
246 
243 
242 
243 
246 
250 
256 
261 
265 
268 
269 
268 
265 
261 
255 
250 
246 
243 
243 
244 
246 
251 
256 
260 
265 
267 
268 
267 
265 
260 
255 
251 
246 
244 
243 
244 
246 
251 
256 
260 
265 
267 
268 
267 
265 
260 
255 
251 
246 
244 
243 
244 
246 
251 
256 
260 
265 
267 
268 
267 
265 
260 
255 
251 
246 
244 
243 
244 
246 
251 
256 
260 
265 
267 
268 
267 
265 
260 
255 
251 
246 
244 
243 
244 
247 
251 
256 
260 
264 
267 
268 
267 
264 
260 
255 
251 
247 
244 
243 
244 
247 
251 
256 
260 
264 
267 
268 
267 
264 
260 
255 
251 
247 
244 
243 
244 
247 
251 
256 
260 
264 
267 
268 
267 
264 
260 
255 
251 
247 
244 
243 
244 
247 
251 
256 
260 
264 
267 
268 
267 
264 
260 
255 
251 
247 
244 
243 
244 
247 
251 
256 
260 
264 
267 
268 
267 
264 
260 
255 
251 
247 
244 
243 
244 
247 
251 
256 
260 
264 
267 
268 
267 
264 
260 
255 
251 
247 
244 
243 
244 
247 
251 
256 
260 
264 
267 
268 
267 
264 
260 
255 
251 
247 
244 
243 
244 
247 
251 
256 
260 
264 
267 
268 
267 
264 
260 
255 
251 
247 
244 
244 
245 
247 
251 
256 
260 
264 
266 
267 
266 
264 
260 
255 
251 
247 
245 
244 
245 
247 
251 
256 
260 
264 
266 
267 
266 
264 
260 
255 
251 
247 
245 
244 
245 
247 
251 
256 
260 
264 
266 
267 
266 
264 
260 
255 
251 
247 
245 
244 
245 
247 
251 
256 
260 
264 
266 
267 
266 
264 
260 
255 
251 
247 
245 
244 
245 
248 
251 
256 
260 
264 
266 
267 
266 
263 
260 
255 
251 
247 
245 
244 
245 
248 
251 
256 
260 
264 
266 
267 
266 
263 
260 
255 
251 
247 
245 
244 
245 
248 
251 
256 
260 
264 
266 
267 
266 
263 
260 
255 
251 
247 
245 
244 
245 
248 
251 
256 
260 
264 
266 
267 
266 
263 
260 
255 
251 
247 
245 
245 
246 
248 
251 
256 
260 
263 
265 
266 
265 
263 
260 
255 
251 
248 
246 
245 
246 
248 
251 
256 
260 
263 
265 
266 
265 
263 
260 
255 
251 
248 
246 
245 
246 
248 
251 
256 
260 
263 
265 
266 
265 
263 
260 
255 
251 
248 
246 
245 
246 
248 
251 
256 
260 
263 
265 
266 
265 
263 
260 
255 
251 
248 
246 
245 
246 
248 
252 
256 
259 
263 
265 
266 
265 
263 
259 
255 
252 
248 
246 
245 
246 
248 
252 
256 
259 
263 
265 
266 
265 
263 
259 
255 
252 
248 
246 
245 
246 
248 
252 
256 
259 
263 
265 
266 
265 
263 
259 
255 
252 
248 
246 
245 
246 
248 
252 
256 
259 
263 
265 
266 
265 
263 
259 
255 
252 
248 
246 
246 
246 
249 
252 
256 
259 
263 
265 
265 
265 
262 
259 
255 
252 
248 
246 
246 
246 
249 
252 
256 
259 
263 
265 
265 
265 
262 
259 
255 
252 
248 
246 
246 
246 
249 
252 
256 
259 
263 
265 
265 
265 
262 
259 
255 
252 
248 
246 
246 
246 
249 
252 
256 
259 
263 
265 
265 
265 
262 
259 
255 
252 
248 
246 
246 
247 
249 
252 
256 
259 
262 
264 
265 
264 
262 
259 
255 
252 
249 
247 
246 
247 
249 
252 
256 
259 
262 
264 
265 
264 
262 
259 
255 
252 
249 
247 
246 
247 
249 
252 
256 
259 
262 
264 
265 
264 
262 
259 
255 
252 
249 
247 
246 
247 
249 
252 
256 
259 
262 
264 
265 
264 
262 
259 
255 
252 
249 
247 
246 
247 
249 
252 
256 
259 
262 
264 
265 
264 
262 
259 
255 
252 
249 
247 
246 
247 
249 
252 
256 
259 
262 
264 
265 
264 
262 
259 
255 
252 
249 
247 
246 
247 
249 
252 
256 
259 
262 
264 
265 
264 
262 
259 
255 
252 
249 
247 
246 
247 
249 
252 
256 
259 
262 
264 
265 
264 
262 
259 
255 
252 
249 
247 
246 
247 
249 
252 
256 
259 
262 
264 
265 
264 
262 
259 
255 
252 
249 
247 
246 
247 
249 
252 
256 
259 
262 
264 
265 
264 
262 
259 
255 
252 
249 
247 
246 
247 
249 
252 
256 
259 
262 
264 
265 
264 
262 
259 
255 
252 
249 
247 
246 
247 
249 
252 
256 
259 
262 
264 
265 
264 
262 
259 
255 
252 
249 
247 
247 
247 
249 
252 
256 
259 
262 
264 
264 
264 
262 
259 
255 
252 
249 
247 
247 
247 
249 
252 
256 
259 
262 
264 
264 
264 
262 
259 
255 
252 
249 
247 
247 
247 
249 
252 
256 
259 
262 
264 
264 
264 
262 
259 
255 
252 
249 
247 
247 
247 
249 
252 
256 
259 
262 
264 
264 
264 
262 
259 
255 
252 
249 
247 
247 
248 
250 
252 
256 
259 
261 
263 
264 
263 
261 
259 
255 
252 
250 
248 
247 
248 
250 
252 
256 
259 
261 
263 
264 
263 
261 
259 
255 
252 
250 
248 
247 
248 
250 
252 
256 
259 
261 
263 
264 
263 
261 
259 
255 
252 
250 
248 
247 
248 
250 
252 
256 
259 
261 
263 
264 
263 
261 
259 
255 
252 
250 
248 
248 
248 
250 
252 
256 
259 
261 
263 
263 
263 
261 
259 
255 
252 
250 
248 
248 
248 
250 
252 
256 
259 
261 
263 
263 
263 
261 
259 
255 
252 
250 
248 
248 
248 
250 
252 
256 
259 
261 
263 
263 
263 
261 
259 
255 
252 
250 
248 
248 
248 
250 
252 
256 
259 
261 
263 
263 
263 
261 
259 
255 
252 
250 
248 
248 
248 
250 
253 
256 
258 
261 
263 
263 
263 
261 
258 
255 
253 
250 
248 
248 
248 
250 
253 
256 
258 
261 
263 
263 
263 
261 
258 
255 
253 
250 
248 
248 
248 
250 
253 
256 
258 
261 
263 
263 
263 
261 
258 
255 
253 
250 
248 
248 
248 
250 
253 
256 
258 
261 
263 
263 
263 
261 
258 
255 
253 
250 
248 
248 
249 
250 
253 
256 
258 
261 
262 
263 
262 
261 
258 
255 
253 
250 
249 
248 
249 
250 
253 
256 
258 
261 
262 
263 
262 
261 
258 
255 
253 
250 
249 
248 
249 
250 
253 
256 
258 
261 
262 
263 
262 
261 
258 
255 
253 
250 
249 
248 
249 
250 
253 
256 
258 
261 
262 
263 
262 
261 
258 
255 
253 
250 
249 
248 
249 
251 
253 
256 
258 
260 
262 
263 
262 
260 
258 
255 
253 
251 
249 
248 
249 
251 
253 
256 
258 
260 
262 
263 
262 
260 
258 
255 
253 
251 
249 
248 
249 
251 
253 
256 
258 
260 
262 
263 
262 
260 
258 
255 
253 
251 
249 
248 
249 
251 
253 
256 
258 
260 
262 
263 
262 
260 
258 
255 
253 
251 
249 
249 
249 
251 
253 
256 
258 
260 
262 
262 
262 
260 
258 
255 
253 
251 
249 
249 
249 
251 
253 
256 
258 
260 
262 
262 
262 
260 
258 
255 
253 
251 
249 
249 
249 
251 
253 
256 
258 
260 
262 
262 
262 
260 
258 
255 
253 
251 
249 
249 
249 
251 
253 
256 
258 
260 
262 
262 
262 
260 
258 
255 
253 
251 
249 
249 
249 
251 
253 
256 
258 
260 
262 
262 
262 
260 
258 
255 
253 
251 
249 
249 
249 
251 
253 
256 
258 
260 
262 
262 
262 
260 
258 
255 
253 
251 
249 
249 
249 
251 
253 
256 
258 
260 
262 
262 
262 
260 
258 
255 
253 
251 
249 
249 
249 
251 
253 
256 
258 
260 
262 
262 
262 
260 
258 
255 
253 
251 
249 
249 
250 
251 
253 
256 
258 
260 
261 
262 
261 
260 
258 
255 
253 
251 
250 
249 
250 
251 
253 
256 
258 
260 
261 
262 
261 
260 
258 
255 
253 
251 
250 
249 
250 
251 
253 
256 
258 
260 
261 
262 
261 
260 
258 
255 
253 
251 
250 
249 
250 
251 
253 
256 
258 
260 
261 
262 
261 
260 
258 
255 
253 
251 
250 
249 
250 
251 
253 
256 
258 
260 
261 
262 
261 
260 
258 
255 
253 
251 
250 
249 
250 
251 
253 
256 
258 
260 
261 
262 
261 
260 
258 
255 
253 
251 
250 
249 
250 
251 
253 
256 
258 
260 
261 
262 
261 
260 
258 
255 
253 
251 
250 
249 
250 
251 
253 
256 
258 
260 
261 
262 
261 
260 
258 
255 
253 
251 
250 
250 
250 
251 
253 
256 
258 
260 
261 
261 
261 
260 
258 
255 
253 
251 
250 
250 
250 
251 
253 
256 
258 
260 
261 
261 
261 
260 
258 
255 
253 
251 
250 
250 
250 
251 
253 
256 
258 
260 
261 
261 
261 
260 
258 
255 
253 
251 
250 
250 
250 
251 
253 
256 
258 
260 
261 
261 
261 
260 
258 
255 
253 
251 
250 
250 
250 
252 
253 
256 
258 
260 
261 
261 
261 
259 
258 
255 
253 
251 
250 
250 
250 
252 
253 
256 
258 
260 
261 
261 
261 
259 
258 
255 
253 
251 
250 
250 
250 
252 
253 
256 
258 
260 
261 
261 
261 
259 
258 
255 
253 
251 
250 
250 
250 
252 
253 
256 
258 
260 
261 
261 
261 
259 
258 
255 
253 
251 
250 
250 
251 
252 
253 
256 
258 
259 
260 
261 
260 
259 
258 
255 
253 
252 
251 
250 
251 
252 
253 
256 
258 
259 
260 
261 
260 
259 
258 
255 
253 
252 
251 
250 
251 
252 
253 
256 
258 
259 
260 
261 
260 
259 
258 
255 
253 
252 
251 
250 
251 
252 
253 
256 
258 
259 
260 
261 
260 
259 
258 
255 
253 
252 
251 
250 
251 
252 
254 
256 
257 
259 
260 
261 
260 
259 
257 
255 
254 
252 
251 
250 
251 
252 
254 
256 
257 
259 
260 
261 
260 
259 
257 
255 
254 
252 
251 
250 
251 
252 
254 
256 
257 
259 
260 
261 
260 
259 
257 
255 
254 
252 
251 
250 
251 
252 
254 
256 
257 
259 
260 
261 
260 
259 
257 
255 
254 
252 
251 
251 
251 
252 
254 
256 
257 
259 
260 
260 
260 
259 
257 
255 
254 
252 
251 
251 
251 
252 
254 
256 
257 
259 
260 
260 
260 
259 
257 
255 
254 
252 
251 
251 
251 
252 
254 
256 
257 
259 
260 
260 
260 
259 
257 
255 
254 
252 
251 
251 
251 
252 
254 
256 
257 
259 
260 
260 
260 
259 
257 
255 
254 
252 
251 
251 
251 
252 
254 
256 
257 
259 
260 
260 
260 
259 
257 
255 
254 
252 
251 
251 
251 
252 
254 
256 
257 
259 
260 
260 
260 
259 
257 
255 
254 
252 
251 
251 
251 
252 
254 
256 
257 
259 
260 
260 
260 
259 
257 
255 
254 
252 
251 
251 
251 
252 
254 
256 
257 
259 
260 
260 
260 
259 
257 
255 
254 
252 
251 
251 
251 
252 
254 
256 
257 
259 
260 
260 
260 
259 
257 
255 
254 
252 
251 
251 
251 
252 
254 
256 
257 
259 
260 
260 
260 
259 
257 
255 
254 
252 
251 
251 
251 
252 
254 
256 
257 
259 
260 
260 
260 
259 
257 
255 
254 
252 
251 
251 
251 
252 
254 
256 
257 
259 
260 
260 
260 
259 
257 
255 
254 
252 
251 
251 
251 
252 
254 
256 
257 
259 
260 
260 
260 
259 
257 
255 
254 
252 
251 
251 
251 
252 
254 
256 
257 
259 
260 
260 
260 
259 
257 
255 
254 
252 
251 
251 
251 
252 
254 
256 
257 
259 
260 
260 
260 
259 
257 
255 
254 
252 
251 
251 
251 
252 
254 
256 
257 
259 
260 
260 
260 
259 
257 
255 
254 
252 
251 
251 
251 
252 
254 
256 
257 
259 
260 
260 
260 
259 
257 
255 
254 
252 
251 
251 
251 
252 
254 
256 
257 
259 
260 
260 
260 
259 
257 
255 
254 
252 
251 
251 
251 
252 
254 
256 
257 
259 
260 
260 
260 
259 
257 
255 
254 
252 
251 
251 
251 
252 
254 
256 
257 
259 
260 
260 
260 
259 
257 
255 
254 
252 
251 
251 
252 
253 
254 
256 
257 
258 
259 
260 
259 
258 
257 
255 
254 
253 
252 
251 
252 
253 
254 
256 
257 
258 
259 
260 
259 
258 
257 
255 
254 
253 
252 
251 
252 
253 
254 
256 
257 
258 
259 
260 
259 
258 
257 
255 
254 
253 
252 
251 
252 
253 
254 
256 
257 
258 
259 
260 
259 
258 
257 
255 
254 
253 
252 
252 
252 
253 
254 
256 
257 
258 
259 
259 
259 
258 
257 
255 
254 
253 
252 
252 
252 
253 
254 
256 
257 
258 
259 
259 
259 
258 
257 
255 
254 
253 
252 
252 
252 
253 
254 
256 
257 
258 
259 
259 
259 
258 
257 
255 
254 
253 
252 
252 
252 
253 
254 
256 
257 
258 
259 
259 
259 
258 
257 
255 
254 
253 
252 
252 
252 
253 
254 
256 
257 
258 
259 
259 
259 
258 
257 
255 
254 
253 
252 
252 
252 
253 
254 
256 
257 
258 
259 
259 
259 
258 
257 
255 
254 
253 
252 
252 
252 
253 
254 
256 
257 
258 
259 
259 
259 
258 
257 
255 
254 
253 
252 
252 
252 
253 
254 
256 
257 
258 
259 
259 
259 
258 
257 
255 
254 
253 
252 
252 
252 
253 
254 
256 
257 
258 
259 
259 
259 
258 
257 
255 
254 
253 
252 
252 
252 
253 
254 
256 
257 
258 
259 
259 
259 
258 
257 
255 
254 
253 
252 
252 
252 
253 
254 
256 
257 
258 
259 
259 
259 
258 
257 
255 
254 
253 
252 
252 
252 
253 
254 
256 
257 
258 
259 
259 
259 
258 
257 
255 
254 
253 
252 
252 
252 
253 
254 
256 
257 
258 
259 
259 
259 
258 
257 
255 
254 
253 
252 
252 
252 
253 
254 
256 
257 
258 
259 
259 
259 
258 
257 
255 
254 
253 
252 
252 
252 
253 
254 
256 
257 
258 
259 
259 
259 
258 
257 
255 
254 
253 
252 
252 
252 
253 
254 
256 
257 
258 
259 
259 
259 
258 
257 
255 
254 
253 
252 
252 
252 
253 
254 
256 
257 
258 
259 
259 
259 
258 
257 
255 
254 
253 
252 
252 
252 
253 
254 
256 
257 
258 
259 
259 
259 
258 
257 
255 
254 
253 
252 
252 
252 
253 
254 
256 
257 
258 
259 
259 
259 
258 
257 
255 
254 
253 
252 
252 
252 
253 
254 
256 
257 
258 
259 
259 
259 
258 
257 
255 
254 
253 
252 
252 
252 
253 
254 
256 
257 
258 
259 
259 
259 
258 
257 
255 
254 
253 
252 
252 
252 
253 
254 
256 
257 
258 
259 
259 
259 
258 
257 
255 
254 
253 
252 
252 
252 
253 
254 
256 
257 
258 
259 
259 
259 
258 
257 
255 
254 
253 
252 
252 
252 
253 
254 
256 
257 
258 
259 
259 
259 
258 
257 
255 
254 
253 
252 
252 
253 
253 
254 
256 
257 
258 
258 
259 
258 
258 
257 
255 
254 
253 
253 
252 
253 
253 
254 
256 
257 
258 
258 
259 
258 
258 
257 
255 
254 
253 
253 
252 
253 
253 
254 
256 
257 
258 
258 
259 
258 
258 
257 
255 
254 
253 
253 
252 
253 
253 
254 
256 
257 
258 
258 
259 
258 
258 
257 
255 
254 
253 
253 
252 
253 
253 
254 
256 
257 
258 
258 
259 
258 
258 
257 
255 
254 
253 
253 
252 
253 
253 
254 
256 
257 
258 
258 
259 
258 
258 
257 
255 
254 
253 
253 
252 
253 
253 
254 
256 
257 
258 
258 
259 
258 
258 
257 
255 
254 
253 
253 
252 
253 
253 
254 
256 
257 
258 
258 
259 
258 
258 
257 
255 
254 
253 
253 
253 
253 
253 
254 
256 
257 
258 
258 
258 
258 
258 
257 
255 
254 
253 
253 
253 
253 
253 
254 
256 
257 
258 
258 
258 
258 
258 
257 
255 
254 
253 
253 
253 
253 
253 
254 
256 
257 
258 
258 
258 
258 
258 
257 
255 
254 
253 
253 
253 
253 
253 
254 
256 
257 
258 
258 
258 
258 
258 
257 
255 
254 
253 
253 
253 
253 
254 
254 
256 
257 
258 
258 
258 
258 
257 
257 
255 
254 
253 
253 
253 
253 
254 
254 
256 
257 
258 
258 
258 
258 
257 
257 
255 
254 
253 
253 
253 
253 
254 
254 
256 
257 
258 
258 
258 
258 
257 
257 
255 
254 
253 
253 
253 
253 
254 
254 
256 
257 
258 
258 
258 
258 
257 
257 
255 
254 
253 
253 
253 
253 
254 
254 
256 
257 
256 
258 
258 
258 
257 
257 
255 
254 
254 
253 
253 
253 
254 
254 
256 
257 
257 
258 
258 
258 
257 
257 
255 
254 
254 
253 
253 
253 
254 
254 
256 
257 
257 
258 
258 
258 
257 
257 
255 
254 
254 
253 
253 
253 
254 
254 
256 
257 
257 
258 
258 
258 
257 
257 
255 
254 
254 
253 
253 
253 
254 
254 
256 
257 
257 
258 
258 
258 
257 
257 
255 
254 
254 
253 
253 
253 
254 
254 
256 
257 
257 
258 
258 
258 
257 
257 
255 
254 
254 
253 
253 
253 
254 
254 
256 
257 
257 
258 
258 
258 
257 
257 
255 
254 
254 
253 
253 
253 
254 
254 
256 
257 
257 
258 
258 
258 
257 
257 
255 
254 
254 
253 
253 
253 
254 
255 
256 
256 
257 
258 
258 
258 
257 
256 
255 
255 
254 
253 
253 
253 
254 
255 
256 
256 
257 
258 
258 
258 
257 
256 
255 
255 
254 
253 
253 
253 
254 
255 
256 
256 
257 
258 
258 
258 
257 
256 
255 
255 
254 
253 
253 
253 
254 
255 
256 
256 
257 
258 
258 
258 
257 
256 
255 
255 
254 
253 
253 
253 
254 
255 
256 
256 
257 
258 
258 
258 
257 
256 
255 
255 
254 
253 
253 
253 
254 
255 
256 
256 
257 
258 
258 
258 
257 
256 
255 
255 
254 
253 
253 
253 
254 
255 
256 
256 
257 
258 
258 
258 
257 
256 
255 
255 
254 
253 
253 
253 
254 
255 
256 
256 
257 
258 
258 
258 
257 
256 
255 
255 
254 
253 
253 
253 
254 
255 
256 
256 
256 
258 
258 
258 
257 
256 
255 
255 
254 
253 
253 
253 
254 
255 
256 
256 
257 
258 
258 
258 
257 
256 
255 
255 
254 
253 
253 
253 
254 
255 
256 
256 
257 
258 
258 
258 
257 
256 
255 
255 
254 
253 
253 
253 
254 
255 
256 
256 
257 
258 
258 
258 
257 
256 
255 
255 
254 
253 
253 
253 
254 
255 
256 
256 
257 
258 
258 
258 
257 
256 
255 
255 
254 
253 
253 
253 
254 
255 
256 
256 
257 
258 
258 
258 
257 
256 
255 
255 
254 
253 
253 
253 
254 
255 
256 
256 
257 
258 
258 
258 
257 
256 
255 
255 
254 
253 
253 
253 
254 
255 
256 
256 
257 
258 
258 
258 
257 
256 
255 
255 
254 
253 
253 
253 
254 
255 
256 
256 
257 
258 
258 
258 
257 
256 
255 
255 
254 
253 
253 
253 
254 
255 
256 
256 
257 
258 
258 
258 
257 
256 
255 
255 
254 
253 
253 
253 
254 
255 
256 
256 
257 
258 
258 
258 
257 
256 
255 
255 
254 
253 
253 
253 
254 
255 
256 
256 
257 
258 
258 
258 
257 
256 
255 
255 
254 
253 
253 
254 
254 
255 
256 
256 
257 
257 
258 
257 
257 
256 
255 
255 
254 
254 
253 
254 
254 
255 
256 
256 
257 
257 
258 
257 
257 
256 
255 
255 
254 
254 
253 
254 
254 
255 
256 
256 
257 
257 
258 
257 
257 
256 
255 
255 
254 
254 
253 
254 
254 
255 
256 
256 
257 
257 
258 
257 
257 
256 
255 
255 
254 
254 
254 
254 
254 
255 
256 
256 
257 
257 
257 
257 
257 
256 
255 
255 
254 
254 
254 
254 
254 
255 
256 
256 
257 
257 
257 
257 
257 
256 
255 
255 
254 
254 
254 
254 
254 
255 
256 
256 
257 
257 
257 
257 
257 
256 
255 
255 
254 
254 
254 
254 
254 
255 
256 
256 
257 
257 
257 
257 
257 
256 
255 
255 
254 
254 
254 
254 
254 
255 
256 
256 
257 
257 
257 
257 
257 
256 
255 
255 
254 
254 
254 
254 
254 
255 
256 
256 
257 
257 
257 
257 
257 
256 
255 
255 
254 
254 
254 
254 
254 
255 
256 
256 
257 
257 
257 
257 
257 
256 
255 
255 
254 
254 
254 
254 
254 
255 
256 
256 
257 
257 
257 
257 
257 
256 
255 
255 
254 
254 
254 
254 
254 
255 
256 
256 
257 
257 
257 
257 
257 
256 
255 
255 
254 
254 
254 
254 
254 
255 
256 
256 
257 
257 
257 
257 
257 
256 
255 
255 
254 
254 
254 
254 
254 
255 
256 
256 
257 
257 
257 
257 
257 
256 
255 
255 
254 
254 
254 
254 
254 
255 
256 
256 
257 
257 
257 
257 
257 
256 
255 
255 
254 
254 
254 
254 
254 
255 
256 
256 
257 
257 
257 
257 
257 
256 
255 
255 
254 
254 
254 
254 
254 
255 
256 
256 
257 
257 
257 
257 
257 
256 
255 
255 
254 
254 
254 
254 
254 
255 
256 
256 
257 
257 
257 
257 
257 
256 
255 
255 
254 
254 
254 
254 
254 
255 
256 
256 
257 
257 
257 
257 
257 
256 
255 
255 
254 
254 
254 
254 
254 
255 
256 
256 
257 
257 
257 
257 
257 
256 
255 
255 
254 
254 
254 
254 
254 
255 
256 
256 
257 
257 
257 
257 
257 
256 
255 
255 
254 
254 
254 
254 
254 
255 
256 
256 
257 
257 
257 
257 
257 
256 
255 
255 
254 
254 
254 
254 
254 
255 
256 
256 
257 
257 
257 
257 
257 
256 
255 
255 
254 
254 
254 
254 
254 
255 
256 
256 
257 
257 
257 
257 
257 
256 
255 
255 
254 
254 
254 
254 
254 
255 
256 
256 
257 
257 
257 
257 
257 
256 
255 
255 
254 
254 
254 
254 
254 
255 
256 
256 
257 
257 
257 
256 
257 
256 
255 
255 
254 
254 
254 
254 
254 
255 
256 
256 
257 
257 
257 
257 
257 
256 
255 
255 
254 
254 
254 
254 
254 
255 
256 
256 
257 
257 
257 
257 
257 
256 
255 
255 
254 
254 
254 
254 
254 
255 
256 
256 
257 
257 
257 
257 
257 
256 
255 
255 
254 
254 
254 
254 
254 
255 
256 
256 
257 
257 
257 
257 
257 
256 
255 
255 
254 
254 
254 
254 
254 
255 
256 
256 
257 
257 
257 
257 
257 
256 
255 
255 
254 
254 
254 
254 
254 
255 
256 
256 
257 
257 
257 
257 
257 
256 
255 
255 
254 
254 
254 
254 
254 
255 
256 
256 
257 
257 
257 
257 
257 
256 
255 
255 
254 
254 
254 
254 
254 
255 
256 
256 
257 
257 
257 
257 
257 
256 
255 
255 
254 
254 
254 
254 
254 
255 
256 
256 
257 
257 
257 
257 
257 
256 
255 
255 
254 
254 
254 
254 
254 
255 
256 
256 
257 
257 
257 
257 
257 
256 
255 
255 
254 
254 
254 
254 
254 
255 
256 
256 
257 
257 
257 
257 
257 
256 
255 
255 
254 
254 
254 
254 
254 
255 
256 
256 
257 
257 
257 
257 
257 
256 
255 
255 
254 
254 
254 
254 
254 
255 
256 
256 
257 
257 
257 
257 
257 
256 
255 
255 
254 
254 
254 
254 
254 
255 
256 
256 
257 
257 
257 
257 
257 
256 
255 
255 
254 
254 
254 
254 
254 
255 
256 
256 
257 
257 
257 
257 
257 
256 
255 
255 
254 
254 
254 
254 
254 
255 
256 
256 
257 
257 
257 
257 
257 
256 
255 
255 
254 
254 
254 
254 
254 
255 
256 
256 
257 
257 
257 
257 
257 
256 
255 
255 
254 
254 
254 
254 
255 
255 
256 
256 
257 
257 
257 
257 
256 
256 
255 
255 
254 
254 
254 
254 
255 
255 
256 
256 
257 
257 
257 
257 
256 
256 
255 
255 
254 
254 
254 
254 
255 
255 
256 
256 
257 
257 
257 
257 
256 
256 
255 
255 
254 
254 
254 
254 
255 
255 
256 
256 
257 
257 
257 
257 
256 
256 
255 
255 
254 
254 
254 
254 
255 
255 
256 
256 
256 
257 
257 
257 
256 
256 
255 
255 
255 
254 
254 
254 
255 
255 
256 
256 
256 
257 
257 
257 
256 
256 
255 
255 
255 
254 
254 
254 
255 
255 
256 
256 
256 
257 
257 
257 
256 
256 
255 
255 
255 
254 
254 
254 
255 
255 
256 
256 
256 
257 
257 
257 
256 
256 
255 
255 
255 
254 
254 
254 
255 
255 
256 
256 
256 
257 
257 
257 
256 
256 
255 
255 
255 
254 
254 
254 
255 
255 
256 
256 
256 
257 
257 
257 
256 
256 
255 
255 
255 
254 
254 
254 
255 
255 
256 
256 
256 
257 
257 
257 
256 
256 
255 
255 
255 
254 
254 
254 
255 
255 
256 
256 
256 
257 
257 
257 
256 
256 
255 
255 
255 
254 
254 
254 
255 
255 
256 
256 
256 
257 
257 
257 
256 
256 
255 
255 
255 
254 
254 
254 
255 
255 
256 
256 
256 
257 
257 
257 
256 
256 
255 
255 
255 
254 
254 
254 
255 
255 
256 
256 
256 
257 
257 
257 
256 
256 
255 
255 
255 
254 
254 
254 
255 
255 
256 
256 
256 
257 
257 
257 
256 
256 
255 
255 
255 
254 
254 
255 
255 
255 
255 
255 
255 
255 
255 
255 
255 
255 
255 
255 
255 
255 
255 
255 
255 
255 
255 
255 
255 
255 
255 
255 
255 
255 
255 
255 
255 
255 
255 
255 
255 
255 
255 
255 
255 
255 
255 
255 
255 
255 
255 
255 
255 
255 
255 
255 
255 
255 
255 
255 
255 
255 
255 
255 
255 
255 
255 
255 
255 
255 
255 
255 
255 
255 
255 
255 
255 
255 
255 
255 
255 
255 
255 
255 
255 
255 
255 
255 
255 
255 
255 
255 
255 
255 
255 
255 
255 
255 
255 
255 
255 
255 
255 
255 
255 
255 
255 
255 
255 
255 
255 
255 
255 
255 
255 
255 
255 
255 
255 
255 
255 
255 
255 
255 
255 
255 
255 
255 
255 
255 
255 
255 
255 
255 
255 
255 
255 
255 
255 
255 
255 
255 
255 
255 
255 
255 
255 
255 
255 
255 
255 
255 
255 
255 
255 
255 
255 
255 
255 
255 
255 
255 
255 
255 
255 
255 
255 
255 
255 
255 
255 
255 
255 
255 
255 
255 
255 
255 
255 
255 
255 
255 
255 
255 
255 
255 
255 
255 
255 
255 
255 
255 
255 
255 
255 
255 
255 
255 
255 
255 
255 
255 
255 
255 
255 
255 
255 
255 
255 
255 
255 
255 
255 
255 
255 
255 
255 
255 
255 
255 
255 
255 
255 
255 
255 
255 
255 
255 
255 
255 
255 
255 
255 
255 
255 
255 
255 
255 
255 
255 
255 
255 
255 
255 
255 
255 
255 
255 
255 
255 
255 
255 
255 
255 
255 
255 
255 
255 
255 
255 
255 
255 
255 
255 
255 
255 
255 
255 
255 
255 
255 
255 
255 
255 
255 
255 
255 
255 
255 
255 
255 
255 
255 
255 
255 
255 
255 
255 
255 
255 
255 
255 
255 
255 
255 
255 
255 
255 
255 
255 
255 
255 
255 
255 
255 
255 
255 
255 
255 
255 
255 
255 
255 
255 
255 
255 
255 
255 
255 
255 
255 
255 
255 
255 
255 
255 
255 
255 
255 
255 
255 
255 
255 
255 
255 
255 
255 
255 
255 
255 
255 
255 
255 
255 
255 
255 
255 
255 
255 
255 
255 
255 
255 
255 
255 
255 
255 
255 
255 
255 
255 
255 
255 
255 
255 
255 
255 
255 
255 
255 
255 
255 
255 
255 
255 
255 
255 
255 
255 
255 
255 
255 
255 
255 
255 
255 
255 
255 
255 
255 
255 
255 
255 
255 
255 
255 
255 
255 
255 
255 
255 
255 
255 
255 
255 
255 
255 
255 
255 
255 
255 
255 
255 
255 
255 
255 
255 
255 
255 
255 
255 
255 
255 
255 
255 
255 
255 
255 
255 
255 
255 
255 
255 
255 
255 
255 
255 
255 
255 
255 
255 
255 
255 
255 
255 
255 
255 
255 
255 
255 
255 
255 
255 
255 
255 
255 
255 
255 
255 
255 
255 
255 
255 
255 
255 
255 
255 
255 
255 
255 
255 
255 
255 
255 
255 
255 
255 
255 
255 
255 
255 
255 
255 
255 
255 
255 
255 
255 
255 
255 
255 
255 
255 
255 
255 
255 
255 
255 
255 
255 
255 
255 
255 
255 
255 
255 
255 
255 
255 
255 
255 
255 
255 
255 
255 
255 
255 
255 
255 
255 
255 
255 
255 
255 
255 
255 
255 
255 
255 
255 
255 
255 
255 
255 
255 
255 
255 
255 
255 
255 
255 
255 
255 
255 
255 
255 
255 
255 
255 
255 
255 
255 
255 
255 
255 
255 
255 
255 
255 
255 
255 
255 
255 
255 
255 
255 
255 
255 
255 
255 
255 
255 
255 
255 
255 
255 
255 
255 
255 
255 
255 
255 
255 
255 
255 
255 
255 
255 
255 
255 
255 
255 
255 
255 
255 
255 
255 
255 
255 
255 
255 
255 
255 
255 
255 
255 
255 
255 
255 
255 
255 
255 
255 
255 
255 
255 
255 
255 
255 
255 
255 
255 
255 
255 
255 
255 
255 
255 
255 
255 
255 
255 
255 
255 
255 
255 
255 
255 
255 
255 
255 
255 
255 
255 
255 
255 
255 
255 
255 
255 
255 
255 
255 
255 
255 
255 
255 
255 
255 
255 
255 
255 
255 
255 
255 
255 
255 
255 
255 
255 
255 
255 
255 
255 
255 
255 
255 
255 
255 
255 
255 
255 
255 
255 
255 
255 
255 
255 
255 
255 
255 
255 
255 
255 
255 
255 
255 
255 
255 
255 
255 
255 
255 
255 
255 
255 
255 
255 
255 
255 
255 
255 
255 
255 
255 
255 
255 
255 
255 
255 
255 
255 
255 
255 
255 
255 
255 
255 
255 
255 
255 
255 
255 
255 
255 
255 
255 
255 
255 
255 
255 
255 
255 
255 
255 
255 
255 
255 
255 
255 
255 
255 
255 
255 
255 
255 
255 
255 
255 
255 
255 
255 
255 
255 
255 
255 
255 
255 
255 
255 
255 
255 
255 
255 
255 
255 
255 
255 
255 
255 
255 
255 
255 
255 
255 
255 
255 
255 
255 
255 
255 
255 
255 
255 
255 
255 
255 
255 
255 
255 
255 
255 
255 
255 
255 
255 
255 
255 
255 
255 
255 
255 
255 
255 
255 
255 
255 
255 
255 
255 
255 
255 
255 
255 
255 
255 
255 
255 
255 
255 
255 
255 
255 
255 
255 
255 
255 
255 
255 
255 
255 
255 
255 
255 
255 
255 
255 
255 
255 
255 
255 
255 
255 
255 
255 
255 
255 
255 
255 
255 
255 
255 
255 
255 
255 
255 
255 
255 
255 
255 
255 
255 
255 
255 
255 
255 
255 
255 
255 
255 
255 
255 
255 
255 
255 
255 
255 
255 
255 
255 
255 
255 
255 
255 
255 
255 
255 
255 
255 
255 
255 
255 
255 
255 
255 
255 
255 
255 
255 
255 
255 
255 
255 
255 
255 
255 
255 
255 
255 
255 
255 
255 
255 
255 
255 
255 
255 
255 
255 
255 
255 
255 
255 
255 
255 
255 
255 
255 
255 
255 
255 
255 
255 
255 
255 
255 
255 
255 
255 
255 
255 
255 
255 
255 
255 
255 
255 
255 
255 
255 
255 
255 
255 
255 
255 
255 
255 
255 
255 
255 
255 
255 
255 
255 
255 
255 
255 
255 
255 
255 
255 
255 
255 
255 
255 
255 
255 
255 
255 
255 
255 
255 
255 
255 
255 
255 
255 
255 
255 
255 
255 
255 
255 
255 
255 
255 
255 
255 
255 
255 
255 
255 
255 
255 
255 
255 
255 
255 
255 
255 
255 
255 
255 
255 
255 
255 
255 
255 
255 
255 
255 
255 
255 
255 
255 
255 
255 
255 
255 
255 
255 
255 
255 
255 
255 
255 
255 
255 
255 
255 
255 
255 
255 
255 
255 
255 
255 
255 
255 
255 
255 
255 
255 
255 
255 
255 
255 
255 
255 
255 
255 
255 
255 
255 
255 
255 
255 
255 
255 
255 
255 
255 
255 
255 
255 
255 
255 
255 
255 
255 
255 
255 
255 
255 
255 
255 
255 
255 
255 
255 
255 
255 
255 
255 
255 
255 
255 
255 
255 
255 
255 
255 
255 
255 
255 
255 
255 
255 
255 
255 
255 
255 
255 
255 
255 
255 
255 
255 
255 
255 
255 
255 
255 
255 
255 
255 
255 
255 
255 
255 
255 
255 
255 
255 
255 
255 
255 
255 
255 
255 
255 
255 
255 
255 
255 
255 
255 
255 
255 
255 
255 
255 
255 
255 
255 
255 
255 
255 
255 
255 
255 
255 
255 
255 
255 
255 
255 
255 
255 
255 
255 
255 
255 
255 
255 
255 
255 
255 
255 
255 
255 
255 
255 
255 
255 
255 
255 
255 
255 
255 
255 
255 
255 
255 
255 
255 
255 
255 
255 
255 
255 
255 
255 
255 
255 
255 
255 
255 
255 
255 
255 
255 
255 
255 
255 
255 
255 
255 
255 
255 
255 
255 
255 
255 
255 
255 
255 
255 
255 
255 
255 
255 
255 
255 
255 
255 
255 
255 
255 
255 
255 
255 
255 
255 
255 
255 
255 
255 
255 
255 
255 
255 
255 
255 
255 
255 
255 
255 
255 
255 
255 
255 
255 
255 
255 
255 
255 
255 
255 
255 
255 
255 
255 
255 
255 
255 
255 
255 
255 
255 
255 
255 
255 
255 
255 
255 
255 
255 
255 
255 
255 
255 
255 
255 
255 
255 
255 
255 
255 
255 
255 
255 
255 
255 
255 
255 
255 
255 
255 
255 
255 
255 
255 
255 
255 
255 
255 
255 
255 
255 
255 
255 
255 
255 
255 
255 
255 
255 
255 
255 
255 
255 
255 
255 
255 
255 
255 
255 
255 
255 
255 
255 
255 
255 
255 
255 
255 
255 
255 
255 
255 
255 
255 
255 
255 
255 
255 
255 
255 
255 
255 
255 
255 
255 
255 
255 
255 
255 
255 
255 
255 
255 
255 
255 
255 
255 
255 
255 
255 
255 
255 
255 
255 
255 
255 
255 
255 
255 
255 
255 
255 
255 
255 
255 
255 
255 
255 
255 
255 
255 
255 
255 
255 
255 
255 
255 
255 
255 
255 
255 
255 
255 
255 
255 
255 
255 
255 
255 
255 
255 
255 
255 
255 
255 
255 
255 
255 
255 
255 
255 
255 
255 
255 
255 
255 
255 
255 
255 
255 
255 
255 
255 
255 
255 
255 
255 
255 
255 
255 
255 
255 
255 
255 
255 
255 
255 
255 
255 
255 
255 
255 
255 
255 
255 
255 
255 
255 
255 
255 
255 
255 
255 
255 
255 
255 
255 
255 
255 
255 
255 
255 
255 
255 
255 
255 
255 
255 
255 
255 
255 
255 
255 
255 
255 
255 
255 
255 
255 
255 
255 
255 
255 
255 
255 
255 
255 
255 
255 
255 
255 
255 
255 
255 
255 
255 
255 
255 
255 
255 
255 
255 
255 
255 
255 
255 
255 
255 
255 
255 
255 
255 
255 
255 
255 
255 
255 
255 
255 
255 
255 
255 
255 
255 
255 
255 
255 
255 
255 
255 
255 
255 
255 
255 
255 
255 
255 
255 
255 
255 
255 
255 
255 
255 
255 
255 
255 
255 
255 
255 
255 
255 
255 
255 
255 
255 
255 
255 
255 
255 
255 
255 
255 
255 
255 
255 
255 
255 
255 
255 
255 
255 
255 
255 
255 
255 
255 
255 
255 
255 
255 
255 
255 
255 
255 
255 
255 
255 
255 
255 
255 
255 
255 
255 
255 
255 
255 
255 
255 
255 
255 
255 
255 
255 
255 
255 
255 
255 
255 
255 
255 
255 
255 
255 
255 
255 
255 
255 
255 
255 
255 
255 
255 
255 
255 
255 
255 
255 
255 
255 
255 
255 
255 
255 
255 
255 
255 
255 
255 
255 
255 
255 
255 
255 
255 
255 
255 
255 
255 
255 
255 
255 
255 
255 
255 
255 
255 
255 
255 
255 
255 
255 
255 
255 
255 
255 
255 
255 
255 
255 
255 
255 
255 
255 
255 
255 
255 
255 
255 
255 
255 
255 
255 
255 
255 
255 
255 
255 
255 
255 
255 
255 
255 
255 
255 
255 
255 
255 
255 
255 
255 
255 
255 
255 
255 
255 
255 
255 
255 
255 
255 
255 
255 
255 
255 
255 
255 
255 
255 
255 
255 
255 
255 
255 
255 
255 
255 
255 
255 
255 
255 
255 
255 
255 
255 
255 
255 
255 
255 
255 
255 
255 
255 
255 
255 
255 
255 
255 
255 
255 
255 
255 
255 
255 
255 
255 
255 
255 
255 
255 
255 
255 
255 
255 
255 
255 
255 
255 
255 
255 
255 
255 
255 
255 
255 
255 
255 
255 
255 
255 
255 
255 
255 
255 
255 
255 
255 
255 
255 
255 
255 
255 
255 
255 
255 
255 
255 
255 
255 
255 
255 
255 
255 
255 
255 
255 
255 
255 
255 
255 
255 
255 
255 
255 
255 
255 
255 
255 
255 
255 
255 
255 
255 
255 
255 
255 
255 
255 
255 
255 
255 
255 
255 
255 
255 
255 
255 
255 
255 
255 
255 
255 
255 
255 
255 
255 
255 
255 
255 
255 
255 
255 
255 
255 
255 
255 
255 
255 
255 
255 
255 
255 
255 
255 
255 
255 
255 
255 
255 
255 
255 
255 
255 
255 
255 
255 
255 
255 
255 
255 
255 
255 
255 
255 
255 
255 
255 
255 
255 
255 
255 
255 
255 
255 
255 
255 
255 
255 
255 
255 
255 
255 
255 
255 
255 
255 
255 
255 
255 
255 
255 
255 
255 
255 
255 
255 
255 
255 
255 
255 
255 
255 
255 
255 
255 
255 
255 
255 
255 
255 
255 
255 
255 
255 
255 
255 
255 
255 
255 
255 
255 
255 
255 
255 
255 
255 
255 
255 
255 
255 
255 
255 
255 
255 
255 
255 
255 
255 
255 
255 
255 
255 
255 
255 
255 
255 
255 
255 
255 
255 
255 
255 
255 
