158 
72 
21 
22 
112 
241 
301 
284 
353 
440 
502 
511 
505 
443 
357 
258 
161 
22 
338 
405 
204 
250 
319 
272 
353 
440 
503 
511 
505 
444 
357 
258 
161 
40 
22 
59 
111 
164 
220 
277 
349 
432 
491 
511 
493 
435 
353 
258 
165 
65 
23 
34 
79 
143 
212 
277 
349 
432 
491 
511 
493 
435 
353 
258 
165 
67 
32 
41 
85 
144 
210 
276 
345 
425 
480 
502 
482 
427 
349 
258 
169 
74 
32 
40 
80 
143 
208 
276 
345 
425 
480 
502 
483 
427 
349 
258 
169 
76 
42 
47 
85 
143 
208 
273 
341 
417 
470 
490 
471 
419 
345 
258 
173 
86 
43 
45 
81 
138 
205 
273 
341 
417 
470 
490 
471 
419 
345 
258 
173 
87 
52 
52 
87 
143 
205 
272 
338 
410 
460 
479 
462 
413 
341 
257 
176 
94 
52 
51 
84 
139 
202 
269 
338 
410 
460 
480 
462 
413 
341 
257 
176 
96 
61 
59 
89 
142 
205 
269 
334 
404 
451 
469 
452 
406 
338 
257 
180 
102 
61 
60 
87 
139 
202 
266 
334 
404 
451 
469 
452 
406 
338 
257 
180 
104 
70 
67 
94 
142 
202 
266 
330 
397 
442 
459 
444 
399 
334 
257 
183 
111 
70 
66 
91 
141 
202 
266 
330 
397 
442 
459 
444 
399 
334 
257 
183 
111 
77 
73 
97 
144 
202 
265 
327 
391 
434 
450 
435 
393 
330 
257 
186 
117 
79 
73 
96 
142 
200 
263 
327 
391 
434 
450 
435 
393 
330 
257 
186 
117 
79 
72 
96 
142 
200 
263 
327 
391 
434 
450 
435 
393 
330 
257 
186 
117 
79 
72 
95 
140 
198 
263 
327 
391 
434 
450 
435 
393 
330 
257 
186 
119 
88 
80 
100 
143 
200 
263 
324 
385 
427 
441 
428 
387 
327 
257 
189 
125 
88 
80 
99 
142 
198 
263 
324 
385 
427 
442 
428 
387 
327 
257 
189 
125 
95 
87 
106 
146 
201 
260 
321 
380 
419 
433 
420 
382 
324 
257 
192 
131 
95 
86 
106 
147 
201 
260 
321 
380 
419 
433 
420 
382 
324 
257 
192 
131 
102 
93 
113 
150 
203 
260 
318 
375 
412 
426 
413 
377 
321 
257 
194 
136 
102 
93 
113 
151 
203 
260 
318 
375 
412 
426 
413 
377 
321 
257 
195 
136 
108 
100 
118 
155 
205 
260 
316 
369 
405 
418 
407 
371 
318 
257 
197 
141 
108 
100 
118 
155 
205 
260 
316 
369 
405 
418 
407 
371 
318 
257 
197 
141 
114 
107 
124 
159 
207 
260 
313 
364 
398 
411 
399 
366 
316 
257 
200 
146 
114 
107 
124 
159 
208 
260 
313 
364 
398 
411 
399 
366 
316 
257 
200 
146 
120 
112 
129 
163 
210 
260 
311 
359 
392 
405 
393 
361 
313 
257 
202 
151 
120 
112 
129 
163 
209 
260 
311 
359 
392 
405 
393 
361 
313 
257 
202 
150 
126 
119 
135 
167 
211 
259 
309 
355 
387 
398 
388 
357 
311 
257 
203 
154 
126 
119 
135 
167 
211 
259 
309 
355 
387 
398 
388 
357 
311 
257 
204 
154 
126 
119 
135 
167 
211 
259 
309 
355 
387 
398 
388 
357 
311 
257 
204 
154 
126 
119 
135 
167 
212 
259 
309 
355 
387 
399 
388 
357 
311 
257 
204 
154 
131 
124 
140 
171 
212 
259 
306 
351 
381 
392 
382 
353 
309 
257 
207 
159 
131 
124 
140 
171 
212 
259 
306 
351 
381 
392 
382 
353 
309 
257 
207 
159 
137 
130 
145 
175 
214 
259 
304 
347 
376 
386 
377 
349 
306 
257 
209 
163 
137 
130 
144 
175 
214 
259 
304 
347 
376 
386 
377 
349 
306 
257 
209 
163 
141 
136 
149 
178 
216 
259 
302 
343 
370 
381 
371 
345 
304 
257 
210 
167 
142 
136 
150 
178 
216 
259 
302 
343 
370 
381 
371 
345 
304 
257 
211 
167 
147 
141 
153 
181 
218 
259 
300 
340 
365 
376 
366 
341 
302 
257 
212 
170 
147 
141 
153 
181 
218 
259 
300 
340 
365 
376 
366 
340 
302 
257 
212 
170 
151 
146 
158 
185 
219 
259 
298 
335 
361 
370 
361 
337 
300 
257 
214 
174 
150 
146 
158 
185 
219 
259 
298 
336 
361 
370 
361 
337 
300 
257 
214 
174 
155 
149 
162 
188 
221 
258 
297 
332 
356 
365 
357 
334 
298 
256 
215 
178 
155 
149 
162 
188 
221 
258 
297 
332 
356 
365 
357 
332 
297 
255 
214 
180 
161 
154 
162 
184 
216 
256 
296 
329 
353 
360 
352 
329 
296 
255 
216 
184 
161 
154 
162 
184 
216 
256 
296 
329 
353 
360 
352 
329 
296 
255 
216 
184 
161 
154 
162 
184 
216 
256 
296 
329 
353 
360 
352 
329 
296 
255 
216 
184 
161 
154 
162 
184 
216 
256 
296 
329 
353 
360 
352 
329 
296 
255 
216 
184 
165 
158 
166 
187 
218 
256 
294 
326 
349 
356 
348 
326 
294 
255 
218 
187 
165 
158 
166 
187 
218 
256 
294 
326 
349 
356 
348 
326 
294 
255 
218 
187 
169 
162 
170 
190 
220 
256 
293 
323 
345 
352 
344 
323 
292 
255 
219 
190 
169 
162 
170 
190 
220 
256 
293 
323 
345 
352 
344 
323 
292 
255 
219 
190 
173 
166 
173 
193 
221 
256 
291 
321 
341 
348 
341 
320 
291 
255 
221 
192 
173 
166 
173 
193 
221 
256 
291 
321 
341 
348 
341 
320 
291 
255 
221 
192 
177 
170 
177 
196 
223 
256 
290 
318 
337 
344 
337 
317 
288 
255 
222 
195 
177 
170 
177 
196 
223 
256 
290 
318 
337 
344 
337 
317 
289 
255 
222 
195 
180 
174 
180 
198 
224 
256 
288 
315 
334 
340 
334 
315 
288 
255 
224 
198 
180 
174 
180 
198 
224 
256 
288 
315 
334 
340 
334 
315 
288 
255 
224 
198 
183 
177 
183 
200 
225 
256 
287 
313 
330 
337 
330 
312 
287 
255 
225 
200 
183 
177 
183 
201 
225 
256 
286 
313 
330 
337 
330 
312 
287 
255 
225 
200 
186 
181 
186 
203 
227 
256 
286 
310 
327 
332 
327 
310 
284 
255 
226 
203 
186 
181 
186 
203 
227 
256 
285 
310 
327 
332 
327 
310 
284 
255 
226 
203 
186 
181 
186 
203 
227 
256 
285 
310 
327 
332 
327 
310 
284 
255 
226 
203 
186 
181 
186 
203 
227 
256 
285 
310 
327 
332 
327 
310 
284 
255 
226 
203 
189 
184 
189 
205 
228 
256 
284 
308 
324 
329 
324 
308 
283 
255 
227 
205 
189 
184 
189 
205 
228 
256 
284 
308 
324 
329 
324 
308 
283 
255 
227 
205 
192 
187 
192 
206 
229 
256 
282 
306 
321 
326 
321 
306 
282 
255 
229 
207 
192 
187 
192 
207 
229 
256 
282 
306 
321 
326 
321 
306 
282 
255 
229 
207 
195 
190 
195 
209 
230 
256 
281 
304 
318 
323 
318 
304 
281 
255 
230 
208 
195 
190 
195 
209 
230 
256 
281 
304 
318 
323 
318 
304 
281 
255 
230 
208 
197 
193 
198 
210 
231 
256 
280 
302 
316 
320 
315 
302 
280 
255 
231 
210 
197 
193 
198 
210 
231 
256 
280 
302 
316 
320 
315 
302 
280 
255 
231 
210 
200 
195 
200 
212 
232 
256 
279 
300 
313 
318 
313 
300 
279 
255 
232 
212 
200 
195 
200 
212 
232 
256 
279 
300 
313 
318 
313 
300 
279 
255 
232 
212 
202 
198 
203 
214 
233 
256 
278 
298 
311 
315 
310 
298 
278 
255 
233 
214 
202 
197 
203 
214 
233 
256 
278 
298 
311 
315 
310 
298 
278 
255 
233 
214 
204 
200 
205 
216 
234 
256 
277 
296 
308 
313 
308 
296 
277 
255 
234 
216 
205 
200 
205 
216 
234 
256 
277 
296 
308 
313 
308 
296 
277 
255 
234 
216 
205 
200 
205 
216 
234 
256 
277 
296 
308 
313 
308 
296 
277 
255 
234 
216 
205 
200 
205 
216 
234 
256 
277 
296 
308 
313 
308 
296 
277 
255 
234 
216 
207 
203 
206 
218 
235 
256 
276 
295 
306 
310 
306 
294 
276 
255 
235 
217 
207 
203 
207 
218 
235 
256 
276 
295 
306 
310 
306 
294 
276 
255 
235 
217 
209 
205 
209 
219 
236 
256 
275 
293 
304 
308 
304 
293 
275 
255 
236 
219 
208 
204 
208 
219 
236 
256 
275 
293 
304 
308 
304 
293 
275 
255 
236 
219 
210 
207 
210 
221 
237 
256 
274 
291 
302 
306 
302 
291 
274 
255 
237 
221 
210 
207 
210 
221 
237 
256 
274 
291 
302 
306 
302 
291 
274 
255 
237 
221 
212 
209 
212 
222 
238 
256 
274 
290 
300 
304 
300 
290 
273 
255 
237 
222 
212 
209 
212 
222 
238 
256 
274 
290 
300 
304 
300 
289 
273 
255 
237 
222 
214 
210 
214 
224 
238 
256 
273 
288 
298 
302 
298 
288 
273 
255 
238 
223 
214 
210 
214 
224 
238 
256 
273 
289 
298 
302 
298 
288 
273 
255 
238 
223 
216 
212 
216 
225 
239 
256 
272 
286 
296 
300 
296 
286 
272 
255 
239 
225 
216 
212 
216 
225 
239 
256 
272 
287 
296 
300 
296 
286 
272 
255 
239 
225 
217 
214 
217 
226 
240 
256 
271 
286 
295 
298 
295 
285 
271 
255 
240 
226 
217 
214 
217 
226 
240 
256 
271 
285 
295 
298 
295 
285 
271 
255 
240 
226 
217 
214 
217 
226 
240 
256 
271 
285 
295 
298 
295 
286 
271 
255 
240 
226 
217 
214 
217 
226 
240 
256 
271 
285 
295 
298 
295 
286 
271 
255 
240 
226 
219 
216 
219 
228 
240 
256 
271 
284 
293 
296 
293 
283 
271 
255 
240 
227 
219 
216 
219 
228 
240 
256 
271 
284 
293 
296 
293 
283 
271 
255 
240 
227 
220 
218 
220 
229 
241 
256 
270 
282 
292 
294 
292 
282 
270 
255 
241 
229 
220 
218 
220 
229 
241 
256 
270 
282 
292 
294 
292 
282 
270 
255 
241 
229 
222 
219 
222 
230 
242 
256 
270 
281 
290 
293 
290 
281 
269 
255 
241 
230 
222 
219 
222 
230 
242 
256 
270 
281 
290 
293 
290 
281 
269 
255 
241 
230 
223 
221 
223 
231 
242 
256 
269 
280 
289 
291 
289 
280 
269 
255 
242 
231 
223 
221 
223 
231 
242 
256 
269 
280 
289 
291 
289 
280 
269 
255 
242 
231 
225 
222 
225 
232 
243 
256 
268 
279 
287 
290 
286 
279 
268 
255 
243 
232 
225 
222 
225 
232 
243 
256 
268 
279 
287 
290 
287 
279 
268 
255 
243 
232 
226 
224 
227 
235 
245 
256 
265 
273 
277 
279 
276 
271 
264 
255 
248 
242 
239 
238 
240 
244 
250 
256 
261 
265 
267 
268 
267 
264 
260 
255 
251 
248 
246 
246 
247 
249 
252 
256 
258 
261 
262 
263 
262 
260 
258 
255 
253 
251 
251 
250 
251 
252 
254 
256 
257 
258 
259 
259 
259 
258 
257 
255 
254 
253 
253 
253 
253 
254 
255 
256 
256 
257 
257 
258 
257 
257 
256 
255 
255 
254 
254 
254 
254 
255 
255 
256 
256 
256 
255 
255 
255 
255 
255 
255 
255 
255 
255 
255 
255 
255 
255 
255 
255 
255 
255 
255 
255 
255 
255 
255 
255 
255 
255 
255 
255 
255 
255 
255 
255 
255 
255 
255 
255 
255 
255 
255 
255 
255 
255 
255 
255 
255 
255 
255 
255 
255 
255 
255 
255 
255 
255 
255 
255 
255 
255 
255 
255 
255 
255 
255 
255 
255 
255 
255 
255 
255 
255 
255 
255 
255 
255 
255 
255 
255 
255 
255 
255 
255 
255 
255 
255 
255 
255 
255 
255 
255 
255 
255 
255 
255 
255 
255 
255 
255 
255 
255 
255 
255 
255 
255 
255 
255 
255 
255 
255 
255 
255 
255 
255 
255 
255 
255 
255 
255 
255 
255 
255 
255 
255 
255 
255 
255 
255 
255 
255 
255 
255 
255 
255 
255 
255 
255 
255 
255 
255 
255 
255 
255 
255 
255 
255 
255 
255 
255 
255 
255 
255 
255 
255 
255 
255 
255 
255 
255 
255 
255 
255 
255 
255 
255 
255 
255 
255 
255 
255 
255 
255 
255 
255 
255 
255 
255 
255 
255 
255 
255 
255 
255 
255 
255 
255 
255 
255 
255 
255 
255 
255 
255 
255 
255 
255 
255 
255 
255 
255 
255 
255 
255 
255 
255 
255 
255 
255 
255 
255 
255 
255 
255 
255 
255 
255 
255 
255 
255 
255 
255 
255 
255 
255 
255 
255 
255 
255 
255 
255 
255 
255 
255 
255 
255 
255 
255 
255 
255 
255 
255 
255 
255 
255 
255 
255 
255 
255 
255 
255 
255 
255 
255 
255 
255 
255 
255 
255 
255 
255 
255 
255 
255 
255 
255 
255 
255 
255 
255 
255 
255 
255 
255 
255 
255 
255 
255 
255 
255 
255 
255 
255 
255 
255 
255 
255 
255 
255 
255 
255 
255 
255 
255 
255 
255 
255 
255 
255 
255 
255 
255 
255 
255 
255 
255 
255 
255 
255 
255 
255 
255 
255 
255 
255 
255 
255 
255 
255 
255 
255 
255 
255 
255 
255 
255 
255 
255 
255 
255 
255 
255 
255 
255 
255 
255 
255 
255 
255 
255 
255 
255 
255 
255 
255 
255 
255 
255 
255 
255 
255 
255 
255 
255 
255 
255 
255 
255 
255 
255 
255 
255 
255 
255 
255 
255 
255 
255 
255 
255 
255 
255 
255 
255 
255 
255 
255 
255 
255 
255 
255 
255 
255 
255 
255 
255 
255 
255 
255 
255 
255 
255 
255 
255 
255 
255 
255 
255 
255 
255 
255 
255 
255 
255 
255 
255 
255 
255 
255 
255 
255 
255 
255 
255 
255 
255 
255 
255 
255 
255 
255 
255 
255 
255 
255 
255 
255 
255 
255 
255 
255 
255 
255 
255 
255 
255 
255 
255 
255 
255 
255 
255 
255 
255 
255 
255 
255 
255 
255 
255 
255 
255 
255 
255 
255 
255 
255 
255 
255 
255 
255 
255 
255 
255 
255 
255 
255 
255 
255 
255 
255 
255 
255 
255 
255 
255 
255 
255 
255 
255 
255 
255 
255 
255 
255 
255 
255 
255 
255 
255 
255 
255 
255 
255 
255 
255 
255 
255 
255 
255 
255 
255 
255 
255 
255 
255 
255 
255 
255 
255 
255 
255 
255 
255 
255 
255 
255 
255 
255 
255 
255 
255 
255 
255 
255 
255 
255 
255 
255 
255 
255 
255 
255 
255 
255 
255 
255 
255 
255 
255 
255 
255 
255 
255 
255 
255 
255 
255 
255 
255 
255 
255 
255 
255 
255 
255 
255 
255 
255 
255 
255 
255 
255 
255 
255 
255 
255 
255 
255 
255 
255 
255 
255 
255 
255 
255 
255 
255 
255 
255 
255 
255 
255 
255 
255 
255 
255 
255 
255 
255 
255 
255 
255 
255 
255 
255 
255 
255 
255 
255 
255 
255 
255 
255 
255 
255 
255 
255 
255 
255 
255 
255 
255 
255 
255 
255 
255 
255 
255 
255 
255 
255 
255 
255 
255 
255 
255 
255 
255 
255 
255 
255 
255 
255 
255 
255 
255 
255 
255 
255 
255 
255 
255 
255 
255 
255 
255 
255 
255 
255 
255 
255 
255 
255 
255 
255 
255 
255 
255 
255 
255 
255 
255 
255 
255 
255 
255 
255 
255 
255 
255 
255 
255 
255 
255 
255 
255 
255 
255 
255 
255 
255 
255 
255 
255 
255 
255 
255 
255 
255 
255 
255 
255 
255 
255 
255 
255 
255 
255 
255 
255 
255 
255 
255 
255 
255 
255 
255 
255 
255 
255 
255 
255 
255 
255 
255 
255 
255 
255 
255 
255 
255 
255 
255 
255 
255 
255 
255 
255 
255 
255 
255 
255 
255 
255 
255 
255 
255 
255 
255 
255 
255 
255 
255 
255 
255 
255 
255 
255 
255 
255 
255 
255 
255 
255 
255 
255 
255 
255 
255 
255 
255 
255 
255 
255 
255 
255 
255 
255 
255 
255 
255 
255 
255 
255 
255 
255 
255 
255 
255 
255 
255 
255 
255 
255 
255 
255 
255 
255 
255 
255 
255 
255 
255 
255 
255 
255 
255 
255 
255 
255 
255 
255 
255 
255 
255 
255 
255 
255 
255 
255 
255 
255 
255 
255 
255 
255 
255 
255 
255 
255 
255 
255 
255 
255 
255 
255 
255 
255 
255 
255 
255 
255 
255 
255 
255 
255 
255 
255 
255 
255 
255 
255 
255 
255 
255 
255 
255 
255 
255 
255 
255 
255 
255 
255 
255 
255 
255 
255 
255 
255 
255 
255 
255 
255 
255 
255 
255 
255 
255 
255 
255 
255 
255 
255 
255 
255 
255 
255 
255 
255 
255 
255 
255 
255 
255 
255 
255 
255 
255 
255 
255 
255 
255 
255 
255 
255 
255 
255 
255 
255 
255 
255 
255 
255 
255 
255 
255 
255 
255 
255 
255 
255 
255 
255 
255 
255 
255 
255 
255 
255 
255 
255 
255 
255 
255 
255 
255 
255 
255 
255 
255 
255 
255 
255 
255 
255 
255 
255 
255 
255 
255 
255 
255 
255 
255 
255 
255 
255 
255 
255 
255 
255 
255 
255 
255 
255 
255 
255 
255 
255 
255 
255 
255 
255 
255 
255 
255 
255 
255 
255 
255 
255 
255 
255 
255 
255 
255 
255 
255 
255 
255 
255 
255 
255 
255 
255 
255 
255 
255 
255 
255 
255 
255 
255 
255 
255 
255 
255 
255 
255 
255 
255 
255 
255 
255 
255 
255 
255 
255 
255 
255 
255 
255 
255 
255 
255 
255 
255 
255 
255 
255 
255 
255 
255 
255 
255 
255 
255 
255 
255 
255 
255 
255 
255 
255 
255 
255 
255 
255 
255 
255 
255 
255 
255 
255 
255 
255 
255 
255 
255 
255 
255 
255 
255 
255 
255 
255 
255 
255 
255 
255 
255 
255 
255 
255 
255 
255 
255 
255 
255 
255 
255 
255 
255 
255 
255 
255 
255 
255 
255 
255 
255 
255 
255 
255 
255 
255 
255 
255 
255 
255 
255 
255 
255 
255 
255 
255 
255 
255 
255 
255 
255 
255 
255 
255 
255 
255 
255 
255 
255 
255 
255 
255 
255 
255 
255 
255 
255 
255 
255 
255 
255 
255 
255 
255 
255 
255 
255 
255 
255 
255 
255 
255 
255 
255 
255 
255 
255 
255 
255 
255 
255 
255 
255 
255 
255 
255 
255 
255 
255 
255 
255 
255 
255 
255 
255 
255 
255 
255 
255 
255 
255 
255 
255 
255 
255 
255 
255 
255 
255 
255 
255 
255 
255 
255 
255 
255 
255 
255 
255 
255 
255 
255 
255 
255 
255 
255 
255 
255 
255 
255 
255 
255 
255 
255 
255 
255 
255 
255 
255 
255 
255 
255 
255 
255 
255 
255 
255 
255 
255 
255 
255 
255 
255 
255 
255 
255 
255 
255 
255 
255 
255 
255 
255 
255 
255 
255 
255 
255 
255 
255 
255 
255 
255 
255 
255 
255 
255 
255 
255 
255 
255 
255 
255 
255 
255 
255 
255 
255 
255 
255 
255 
255 
255 
255 
255 
255 
255 
255 
255 
255 
255 
255 
255 
255 
255 
255 
255 
255 
255 
255 
255 
255 
255 
255 
255 
255 
255 
255 
255 
255 
255 
255 
255 
255 
255 
255 
255 
255 
255 
255 
255 
255 
255 
255 
255 
255 
255 
255 
255 
255 
255 
255 
255 
255 
255 
255 
255 
255 
255 
255 
255 
255 
255 
255 
255 
255 
255 
255 
255 
255 
255 
255 
255 
255 
255 
255 
255 
255 
255 
255 
255 
255 
255 
255 
255 
255 
255 
255 
255 
255 
255 
255 
255 
255 
255 
255 
255 
255 
255 
255 
255 
255 
255 
255 
255 
255 
255 
255 
255 
255 
255 
255 
255 
255 
255 
255 
255 
255 
255 
255 
255 
255 
255 
255 
255 
255 
255 
255 
255 
255 
255 
255 
255 
255 
255 
255 
255 
255 
255 
255 
255 
255 
255 
255 
255 
255 
255 
255 
255 
255 
255 
255 
255 
255 
255 
255 
255 
255 
255 
255 
255 
255 
255 
255 
255 
255 
255 
255 
255 
255 
255 
255 
255 
255 
255 
255 
255 
255 
255 
255 
255 
255 
255 
255 
255 
255 
255 
255 
255 
255 
255 
255 
255 
255 
255 
255 
255 
255 
255 
255 
255 
255 
255 
255 
255 
255 
255 
255 
255 
255 
255 
255 
255 
255 
255 
255 
255 
255 
255 
255 
255 
255 
255 
255 
255 
255 
255 
255 
255 
255 
255 
255 
255 
255 
255 
255 
255 
255 
255 
255 
255 
255 
255 
255 
255 
255 
255 
255 
255 
255 
255 
255 
255 
255 
255 
255 
255 
255 
255 
255 
255 
255 
255 
255 
255 
255 
255 
255 
255 
255 
255 
255 
255 
255 
255 
255 
255 
255 
255 
255 
255 
255 
255 
255 
255 
255 
255 
255 
255 
255 
255 
255 
255 
255 
255 
255 
255 
255 
255 
255 
255 
255 
255 
255 
255 
255 
255 
255 
255 
255 
255 
255 
255 
255 
255 
255 
255 
255 
255 
255 
255 
255 
255 
255 
255 
255 
255 
255 
255 
255 
255 
255 
255 
255 
255 
255 
255 
255 
255 
255 
255 
255 
255 
255 
255 
255 
255 
255 
255 
255 
255 
255 
255 
255 
255 
255 
255 
255 
255 
255 
255 
255 
255 
255 
255 
255 
255 
255 
255 
255 
255 
255 
255 
255 
255 
255 
255 
255 
255 
255 
255 
255 
255 
255 
255 
255 
255 
255 
255 
255 
255 
255 
255 
255 
255 
255 
255 
255 
255 
255 
255 
255 
255 
255 
255 
255 
255 
255 
255 
255 
255 
255 
255 
255 
255 
255 
255 
255 
255 
255 
255 
255 
255 
255 
255 
255 
255 
255 
255 
255 
255 
255 
255 
255 
255 
255 
255 
255 
255 
255 
255 
255 
255 
255 
255 
255 
255 
255 
255 
255 
255 
255 
255 
255 
255 
255 
255 
255 
255 
255 
255 
255 
255 
255 
255 
255 
255 
255 
255 
255 
255 
255 
255 
255 
255 
255 
255 
255 
255 
255 
255 
255 
255 
255 
255 
255 
255 
255 
255 
255 
255 
255 
255 
255 
255 
255 
255 
255 
255 
255 
255 
255 
255 
255 
255 
255 
255 
255 
255 
255 
255 
255 
255 
255 
255 
255 
255 
255 
255 
255 
255 
255 
255 
255 
255 
255 
255 
255 
255 
255 
255 
255 
255 
255 
255 
255 
255 
255 
255 
255 
255 
255 
255 
255 
255 
255 
255 
255 
255 
255 
255 
255 
255 
255 
255 
255 
255 
255 
255 
255 
255 
255 
255 
255 
255 
255 
255 
255 
255 
255 
255 
255 
255 
255 
255 
255 
255 
255 
255 
255 
255 
255 
255 
255 
255 
255 
255 
255 
255 
255 
255 
255 
255 
255 
255 
255 
255 
255 
255 
255 
255 
255 
255 
255 
255 
255 
255 
255 
255 
255 
255 
255 
255 
255 
255 
255 
255 
255 
255 
255 
255 
255 
255 
255 
255 
255 
255 
255 
255 
255 
255 
255 
255 
255 
255 
255 
255 
255 
255 
255 
255 
255 
255 
255 
255 
255 
255 
255 
255 
255 
255 
255 
255 
255 
255 
255 
255 
255 
255 
255 
255 
255 
255 
255 
255 
255 
255 
255 
255 
255 
255 
255 
255 
255 
255 
255 
255 
255 
255 
255 
255 
255 
255 
255 
255 
255 
255 
255 
255 
255 
255 
255 
255 
255 
255 
255 
255 
255 
255 
255 
255 
255 
255 
255 
255 
255 
255 
255 
255 
255 
255 
255 
255 
255 
255 
255 
255 
255 
255 
255 
255 
255 
255 
255 
255 
255 
255 
255 
255 
255 
255 
255 
255 
255 
255 
255 
255 
255 
255 
255 
255 
255 
255 
255 
255 
255 
255 
255 
255 
255 
255 
255 
255 
255 
255 
255 
255 
255 
255 
255 
255 
255 
255 
255 
255 
255 
255 
255 
255 
255 
255 
255 
255 
255 
255 
255 
255 
255 
255 
255 
255 
255 
255 
255 
255 
255 
255 
255 
255 
255 
255 
255 
255 
255 
255 
255 
255 
255 
255 
255 
255 
255 
255 
255 
255 
255 
255 
255 
255 
255 
255 
255 
255 
255 
255 
255 
255 
255 
255 
255 
255 
255 
255 
255 
255 
255 
255 
255 
255 
255 
255 
255 
255 
255 
255 
255 
255 
255 
255 
255 
255 
255 
255 
255 
255 
255 
255 
255 
255 
255 
255 
255 
255 
255 
255 
255 
255 
255 
255 
255 
255 
255 
255 
255 
255 
255 
255 
255 
255 
255 
255 
255 
255 
255 
255 
255 
255 
255 
255 
255 
255 
255 
255 
255 
255 
255 
255 
255 
255 
255 
255 
255 
255 
255 
255 
255 
255 
255 
255 
255 
255 
255 
255 
255 
255 
255 
255 
255 
255 
255 
255 
255 
255 
255 
255 
255 
255 
255 
255 
255 
255 
255 
255 
255 
255 
255 
255 
255 
255 
255 
255 
255 
255 
255 
255 
255 
255 
255 
255 
255 
255 
255 
255 
255 
255 
255 
255 
255 
255 
255 
255 
255 
255 
255 
255 
255 
255 
255 
255 
255 
255 
255 
255 
255 
255 
255 
255 
255 
255 
255 
255 
255 
255 
255 
255 
255 
255 
255 
255 
255 
255 
255 
255 
255 
255 
255 
255 
255 
255 
255 
255 
255 
255 
255 
255 
255 
255 
255 
255 
255 
255 
255 
255 
255 
255 
255 
255 
255 
255 
255 
255 
255 
255 
255 
255 
255 
255 
255 
255 
255 
255 
255 
255 
255 
255 
255 
255 
255 
255 
255 
255 
255 
255 
255 
255 
255 
255 
255 
255 
255 
255 
255 
255 
255 
255 
255 
255 
255 
255 
255 
255 
255 
255 
255 
255 
255 
255 
255 
255 
255 
255 
255 
255 
255 
255 
255 
255 
255 
255 
255 
255 
255 
255 
255 
255 
255 
255 
255 
255 
255 
255 
255 
255 
255 
255 
255 
255 
255 
255 
255 
255 
255 
255 
255 
255 
255 
255 
255 
255 
255 
255 
255 
255 
255 
255 
255 
255 
255 
255 
255 
255 
255 
255 
255 
255 
255 
255 
255 
255 
255 
255 
255 
255 
255 
255 
255 
255 
255 
255 
255 
255 
255 
255 
255 
255 
255 
255 
255 
255 
255 
255 
255 
255 
255 
255 
255 
255 
255 
255 
255 
255 
255 
255 
255 
255 
255 
255 
255 
255 
255 
255 
255 
255 
255 
255 
255 
255 
255 
255 
255 
255 
255 
255 
255 
255 
255 
255 
255 
255 
255 
255 
255 
255 
255 
255 
255 
255 
255 
255 
255 
255 
255 
255 
255 
255 
255 
255 
255 
255 
255 
255 
255 
255 
255 
255 
255 
255 
255 
255 
255 
255 
255 
255 
255 
255 
255 
255 
255 
255 
255 
255 
255 
255 
255 
255 
255 
255 
255 
255 
255 
255 
255 
255 
255 
255 
255 
255 
255 
255 
255 
255 
255 
255 
255 
255 
255 
255 
255 
255 
255 
255 
255 
255 
255 
255 
255 
255 
255 
255 
255 
255 
255 
255 
255 
255 
255 
255 
255 
255 
255 
255 
255 
255 
255 
255 
255 
255 
255 
255 
255 
255 
255 
255 
255 
255 
255 
255 
255 
255 
255 
255 
255 
255 
255 
255 
255 
255 
255 
255 
255 
255 
255 
255 
255 
255 
255 
255 
255 
255 
255 
255 
255 
255 
255 
255 
255 
255 
255 
255 
255 
255 
255 
255 
255 
255 
255 
255 
255 
255 
255 
255 
255 
255 
255 
255 
255 
255 
255 
255 
255 
255 
255 
255 
255 
255 
255 
255 
255 
255 
255 
255 
255 
255 
255 
255 
255 
255 
255 
255 
255 
255 
255 
255 
255 
255 
255 
255 
255 
255 
255 
255 
255 
255 
255 
255 
255 
255 
255 
255 
255 
255 
255 
255 
255 
255 
255 
255 
255 
255 
255 
255 
255 
255 
255 
255 
255 
255 
255 
255 
255 
255 
255 
255 
255 
255 
255 
255 
255 
255 
255 
255 
255 
255 
255 
255 
255 
255 
255 
255 
255 
255 
255 
255 
255 
255 
255 
255 
255 
255 
255 
255 
255 
255 
255 
255 
255 
255 
255 
255 
255 
255 
255 
255 
255 
255 
255 
255 
255 
255 
255 
255 
255 
255 
255 
255 
255 
255 
255 
255 
255 
255 
255 
255 
255 
255 
255 
255 
255 
255 
255 
255 
255 
255 
255 
255 
255 
255 
255 
255 
255 
255 
255 
255 
255 
255 
255 
255 
255 
255 
255 
255 
255 
255 
255 
255 
255 
255 
255 
255 
255 
255 
255 
255 
255 
255 
255 
255 
255 
255 
255 
255 
255 
255 
255 
255 
255 
255 
255 
255 
255 
255 
255 
255 
255 
255 
255 
255 
255 
255 
255 
255 
255 
255 
255 
255 
255 
255 
255 
255 
255 
255 
255 
255 
255 
255 
255 
255 
255 
255 
255 
255 
255 
255 
255 
255 
255 
255 
255 
255 
255 
255 
255 
255 
255 
255 
255 
255 
255 
255 
255 
255 
255 
255 
255 
255 
255 
255 
255 
255 
255 
255 
255 
255 
255 
255 
255 
255 
255 
255 
255 
255 
255 
255 
255 
255 
255 
255 
255 
255 
255 
255 
255 
255 
255 
255 
255 
255 
255 
255 
255 
255 
255 
255 
255 
255 
255 
255 
255 
255 
255 
255 
255 
255 
255 
255 
255 
255 
255 
255 
255 
255 
255 
255 
255 
255 
255 
255 
255 
255 
255 
255 
255 
255 
255 
255 
255 
255 
255 
255 
255 
255 
255 
255 
255 
255 
255 
255 
255 
255 
255 
255 
255 
255 
255 
255 
255 
255 
255 
255 
255 
255 
255 
255 
255 
255 
255 
255 
255 
255 
255 
255 
255 
255 
255 
255 
255 
255 
255 
255 
255 
255 
255 
255 
255 
255 
255 
255 
255 
255 
255 
255 
255 
255 
255 
255 
255 
255 
255 
255 
255 
255 
255 
255 
255 
255 
255 
255 
255 
255 
255 
255 
255 
255 
255 
255 
255 
255 
255 
255 
255 
255 
255 
255 
255 
255 
255 
255 
255 
255 
255 
255 
255 
255 
255 
255 
255 
255 
255 
255 
255 
255 
255 
255 
255 
255 
255 
255 
255 
255 
255 
255 
255 
255 
255 
255 
255 
255 
255 
255 
255 
255 
255 
255 
255 
255 
255 
255 
255 
255 
255 
255 
255 
255 
255 
255 
255 
255 
255 
255 
255 
255 
255 
255 
255 
255 
255 
255 
255 
255 
255 
255 
255 
255 
255 
255 
255 
255 
255 
255 
255 
255 
255 
255 
255 
255 
255 
255 
255 
255 
255 
255 
255 
255 
255 
255 
255 
255 
255 
255 
255 
255 
255 
255 
255 
255 
255 
255 
255 
255 
255 
255 
255 
255 
255 
255 
255 
255 
255 
255 
255 
255 
255 
255 
255 
255 
255 
255 
255 
255 
255 
255 
255 
255 
255 
255 
255 
255 
255 
255 
255 
255 
255 
255 
255 
255 
255 
255 
255 
255 
255 
255 
255 
255 
255 
255 
255 
255 
255 
255 
255 
255 
255 
255 
255 
255 
255 
255 
255 
255 
255 
255 
255 
255 
255 
255 
255 
255 
255 
255 
255 
255 
255 
255 
255 
255 
255 
255 
255 
255 
255 
255 
255 
255 
255 
255 
255 
255 
255 
255 
255 
255 
255 
255 
255 
255 
255 
255 
255 
255 
255 
255 
255 
255 
255 
255 
255 
255 
255 
255 
255 
255 
255 
255 
255 
255 
255 
255 
255 
255 
255 
255 
255 
255 
255 
255 
255 
255 
255 
255 
255 
255 
255 
255 
255 
255 
255 
255 
255 
255 
255 
255 
255 
255 
255 
255 
255 
255 
255 
255 
255 
255 
255 
255 
255 
255 
255 
255 
255 
255 
255 
255 
255 
255 
255 
255 
255 
255 
255 
255 
255 
255 
255 
255 
255 
255 
255 
255 
255 
255 
255 
255 
255 
255 
255 
255 
255 
255 
255 
255 
255 
255 
255 
255 
255 
255 
255 
255 
255 
255 
255 
255 
255 
255 
255 
255 
255 
255 
255 
255 
255 
255 
255 
255 
255 
255 
255 
255 
255 
255 
255 
255 
255 
255 
255 
255 
255 
255 
255 
255 
255 
255 
255 
255 
255 
255 
255 
255 
255 
255 
255 
255 
255 
255 
255 
255 
255 
255 
255 
255 
255 
255 
255 
255 
255 
255 
255 
255 
255 
255 
255 
255 
255 
255 
255 
255 
255 
255 
255 
255 
255 
255 
255 
255 
255 
255 
255 
255 
255 
255 
255 
255 
255 
255 
255 
255 
255 
255 
255 
255 
255 
255 
255 
255 
255 
255 
255 
255 
255 
255 
255 
255 
255 
255 
255 
255 
255 
255 
255 
255 
255 
255 
255 
255 
255 
255 
255 
255 
255 
255 
255 
255 
255 
255 
255 
255 
255 
255 
255 
255 
255 
255 
255 
255 
255 
255 
255 
255 
255 
255 
255 
255 
255 
255 
255 
255 
255 
255 
255 
255 
255 
255 
255 
255 
255 
255 
255 
255 
255 
255 
255 
255 
255 
255 
255 
255 
255 
255 
255 
255 
255 
255 
255 
255 
255 
255 
255 
255 
255 
255 
255 
255 
255 
255 
255 
255 
255 
255 
255 
255 
255 
255 
255 
255 
255 
255 
255 
255 
255 
255 
255 
255 
255 
255 
255 
255 
255 
255 
255 
255 
255 
255 
255 
255 
255 
255 
255 
255 
255 
255 
255 
255 
255 
255 
255 
255 
255 
255 
255 
255 
255 
255 
255 
255 
255 
255 
255 
255 
255 
255 
255 
255 
255 
255 
255 
255 
255 
255 
255 
255 
255 
255 
255 
255 
255 
255 
255 
255 
255 
255 
255 
255 
255 
255 
255 
255 
255 
255 
255 
255 
255 
255 
255 
255 
255 
255 
255 
255 
255 
255 
255 
255 
255 
255 
255 
255 
255 
255 
255 
255 
255 
255 
255 
255 
255 
255 
255 
255 
255 
255 
255 
255 
255 
255 
255 
255 
255 
255 
255 
255 
255 
255 
255 
255 
255 
255 
255 
255 
255 
255 
255 
255 
255 
255 
255 
255 
255 
255 
255 
255 
255 
255 
255 
255 
255 
255 
255 
255 
255 
255 
255 
255 
255 
255 
255 
255 
255 
255 
255 
255 
255 
255 
255 
255 
255 
255 
255 
255 
255 
255 
255 
255 
255 
255 
255 
255 
255 
255 
255 
255 
255 
255 
255 
255 
255 
255 
255 
255 
255 
255 
255 
255 
255 
255 
255 
255 
255 
255 
255 
255 
255 
255 
255 
255 
255 
255 
255 
255 
255 
255 
255 
255 
255 
255 
255 
255 
255 
255 
255 
255 
255 
255 
255 
255 
255 
255 
255 
255 
255 
255 
255 
255 
255 
255 
255 
255 
255 
255 
255 
255 
255 
255 
255 
255 
255 
255 
255 
255 
255 
255 
255 
255 
255 
255 
255 
255 
255 
255 
255 
255 
255 
255 
255 
255 
255 
255 
255 
255 
255 
255 
255 
255 
255 
255 
255 
255 
255 
255 
255 
255 
255 
255 
255 
255 
255 
255 
255 
255 
255 
255 
255 
255 
255 
255 
255 
255 
255 
255 
255 
255 
255 
255 
255 
255 
255 
255 
255 
255 
255 
255 
255 
255 
255 
255 
255 
255 
255 
255 
255 
255 
255 
255 
255 
255 
255 
255 
255 
255 
255 
255 
255 
255 
255 
255 
255 
255 
255 
255 
255 
255 
255 
255 
255 
255 
255 
255 
255 
255 
255 
255 
255 
255 
255 
255 
255 
255 
255 
255 
255 
255 
255 
255 
255 
255 
255 
255 
255 
255 
255 
255 
255 
255 
255 
255 
255 
255 
255 
255 
255 
255 
255 
255 
255 
255 
255 
255 
255 
255 
255 
255 
255 
255 
255 
255 
255 
255 
255 
255 
255 
255 
255 
255 
255 
255 
255 
255 
255 
255 
255 
255 
255 
255 
255 
255 
255 
255 
255 
255 
255 
255 
255 
255 
255 
255 
255 
255 
255 
255 
255 
255 
255 
255 
255 
255 
255 
255 
255 
255 
255 
255 
255 
255 
255 
255 
255 
255 
255 
255 
255 
255 
255 
255 
255 
255 
255 
255 
255 
255 
255 
255 
255 
255 
255 
255 
255 
255 
255 
255 
255 
255 
255 
255 
255 
255 
255 
255 
255 
255 
255 
255 
255 
255 
255 
255 
255 
255 
255 
255 
255 
255 
255 
255 
255 
255 
255 
255 
255 
255 
255 
255 
255 
255 
255 
255 
255 
255 
255 
255 
255 
255 
255 
255 
255 
255 
255 
255 
255 
255 
255 
255 
255 
255 
255 
255 
255 
255 
255 
255 
255 
255 
255 
255 
255 
255 
255 
255 
255 
255 
255 
255 
255 
255 
255 
255 
255 
255 
255 
255 
255 
255 
255 
255 
255 
255 
255 
255 
255 
255 
255 
255 
255 
255 
255 
255 
255 
255 
255 
255 
255 
255 
255 
255 
255 
255 
255 
255 
255 
255 
255 
255 
255 
255 
255 
255 
255 
255 
255 
255 
255 
255 
255 
255 
255 
255 
255 
255 
255 
255 
255 
255 
255 
255 
255 
255 
255 
255 
255 
255 
255 
255 
