230 
206 
176 
144 
113 
76 
47 
15 
24 
102 
225 
259 
272 
281 
301 
328 
322 
319 
338 
316 
281 
289 
275 
256 
256 
253 
247 
247 
247 
250 
256 
263 
278 
304 
325 
349 
371 
393 
413 
432 
449 
466 
479 
490 
501 
508 
511 
511 
511 
508 
502 
492 
481 
468 
452 
435 
416 
396 
375 
353 
330 
306 
282 
258 
234 
202 
174 
144 
118 
94 
74 
60 
47 
38 
33 
31 
30 
33 
37 
42 
50 
60 
68 
79 
92 
104 
119 
133 
147 
162 
178 
195 
211 
228 
242 
259 
276 
300 
320 
341 
361 
381 
399 
417 
433 
447 
459 
470 
479 
485 
489 
490 
489 
486 
480 
471 
461 
449 
435 
419 
403 
385 
365 
345 
324 
302 
280 
258 
236 
207 
180 
153 
130 
109 
91 
74 
62 
52 
45 
42 
39 
40 
41 
46 
51 
59 
67 
76 
90 
102 
114 
129 
145 
159 
174 
192 
208 
223 
242 
259 
275 
298 
317 
338 
357 
376 
393 
410 
424 
438 
450 
460 
469 
475 
478 
479 
479 
474 
470 
462 
452 
440 
428 
413 
396 
379 
361 
341 
321 
300 
279 
257 
236 
211 
189 
166 
145 
127 
109 
94 
81 
71 
65 
60 
57 
56 
57 
60 
64 
71 
77 
86 
97 
108 
120 
134 
147 
162 
176 
193 
210 
223 
241 
259 
274 
295 
312 
330 
349 
365 
382 
397 
411 
422 
433 
443 
450 
455 
458 
459 
459 
456 
451 
443 
435 
425 
413 
399 
385 
368 
352 
334 
315 
297 
277 
257 
238 
214 
194 
172 
153 
136 
119 
106 
93 
83 
74 
70 
66 
64 
64 
66 
70 
74 
81 
90 
99 
110 
120 
135 
149 
162 
177 
193 
209 
225 
242 
256 
273 
293 
310 
327 
345 
361 
377 
391 
403 
416 
426 
434 
441 
446 
449 
450 
450 
447 
443 
435 
427 
417 
407 
393 
379 
364 
348 
330 
313 
295 
276 
257 
239 
218 
201 
181 
163 
148 
134 
120 
109 
99 
92 
87 
82 
79 
79 
80 
83 
87 
94 
99 
109 
118 
129 
142 
153 
166 
180 
196 
211 
225 
241 
256 
272 
290 
305 
321 
337 
352 
366 
380 
391 
402 
411 
419 
426 
430 
433 
433 
433 
430 
427 
420 
413 
404 
393 
382 
368 
355 
341 
324 
308 
292 
274 
257 
240 
221 
203 
186 
169 
153 
141 
128 
116 
108 
99 
93 
90 
87 
87 
87 
90 
93 
99 
105 
114 
123 
133 
145 
156 
170 
183 
197 
212 
226 
241 
256 
271 
289 
303 
318 
334 
348 
361 
375 
385 
396 
405 
412 
418 
423 
425 
426 
426 
422 
419 
413 
406 
397 
388 
377 
364 
351 
337 
321 
306 
290 
273 
257 
241 
223 
207 
192 
176 
162 
151 
138 
128 
119 
112 
107 
103 
101 
100 
101 
103 
107 
112 
117 
125 
134 
143 
153 
164 
177 
189 
202 
216 
229 
242 
256 
270 
285 
299 
313 
327 
341 
353 
364 
375 
384 
392 
398 
405 
408 
411 
411 
411 
409 
405 
399 
393 
385 
377 
366 
355 
343 
329 
316 
302 
286 
272 
257 
242 
225 
209 
194 
180 
166 
154 
144 
133 
125 
118 
113 
110 
107 
107 
107 
109 
112 
117 
123 
131 
139 
148 
158 
168 
180 
192 
204 
217 
230 
243 
256 
269 
284 
297 
311 
324 
336 
349 
359 
369 
379 
386 
392 
397 
402 
404 
405 
405 
401 
398 
393 
387 
380 
371 
361 
351 
339 
326 
313 
300 
285 
271 
257 
243 
227 
213 
200 
186 
173 
163 
153 
144 
136 
129 
124 
121 
119 
118 
119 
121 
124 
129 
134 
141 
149 
156 
166 
175 
187 
197 
207 
220 
232 
244 
256 
268 
281 
294 
306 
318 
330 
341 
351 
360 
368 
376 
381 
386 
389 
391 
392 
392 
389 
387 
382 
377 
369 
361 
353 
343 
332 
321 
309 
296 
283 
270 
257 
244 
229 
215 
201 
189 
177 
167 
156 
148 
141 
135 
130 
127 
125 
124 
125 
127 
130 
135 
139 
146 
153 
160 
170 
179 
190 
200 
209 
222 
233 
244 
256 
267 
280 
292 
304 
316 
327 
337 
347 
355 
363 
370 
376 
380 
383 
385 
386 
386 
384 
381 
377 
371 
364 
357 
349 
339 
328 
318 
306 
295 
282 
269 
257 
244 
230 
218 
207 
195 
183 
174 
165 
156 
150 
144 
141 
138 
136 
135 
136 
138 
141 
145 
149 
154 
161 
168 
177 
185 
195 
205 
214 
225 
235 
245 
256 
266 
278 
289 
300 
311 
321 
330 
340 
347 
354 
360 
365 
369 
372 
375 
376 
375 
372 
370 
366 
361 
355 
349 
341 
332 
322 
313 
302 
292 
279 
268 
257 
245 
232 
220 
208 
197 
186 
178 
169 
161 
155 
150 
146 
143 
141 
140 
141 
143 
145 
150 
153 
159 
165 
172 
180 
188 
198 
206 
215 
226 
236 
246 
256 
266 
277 
288 
298 
308 
318 
327 
335 
344 
350 
356 
361 
365 
367 
369 
370 
369 
368 
365 
361 
357 
351 
345 
337 
328 
320 
310 
300 
290 
278 
268 
257 
246 
233 
223 
212 
202 
192 
184 
176 
169 
163 
158 
154 
151 
151 
150 
151 
152 
155 
157 
157 
162 
167 
174 
181 
189 
197 
206 
215 
225 
235 
245 
256 
266 
277 
286 
296 
305 
314 
322 
329 
336 
343 
348 
353 
356 
358 
360 
360 
360 
358 
356 
352 
348 
343 
336 
329 
322 
313 
305 
296 
285 
275 
265 
255 
245 
235 
225 
216 
207 
199 
191 
184 
177 
171 
166 
161 
158 
156 
154 
154 
154 
156 
158 
162 
166 
171 
177 
184 
191 
200 
208 
217 
226 
236 
246 
256 
266 
276 
284 
294 
303 
312 
319 
326 
333 
340 
344 
349 
352 
354 
355 
356 
355 
354 
352 
348 
344 
339 
332 
326 
319 
311 
303 
294 
285 
274 
265 
255 
246 
236 
228 
219 
211 
204 
197 
190 
183 
178 
173 
169 
166 
164 
163 
162 
163 
164 
166 
170 
173 
178 
184 
190 
196 
204 
212 
220 
228 
237 
247 
256 
265 
274 
282 
291 
299 
307 
314 
321 
327 
332 
336 
341 
344 
346 
347 
348 
347 
346 
344 
341 
337 
331 
326 
320 
314 
306 
299 
291 
281 
273 
264 
255 
246 
238 
229 
221 
214 
206 
199 
192 
186 
181 
177 
173 
170 
168 
167 
166 
167 
168 
170 
173 
177 
182 
187 
193 
199 
207 
213 
221 
230 
238 
247 
256 
265 
273 
282 
291 
299 
307 
314 
321 
327 
332 
336 
340 
344 
346 
347 
348 
347 
346 
344 
341 
337 
331 
326 
320 
314 
306 
299 
291 
281 
273 
264 
255 
246 
238 
230 
222 
215 
208 
201 
195 
189 
184 
180 
177 
174 
172 
170 
170 
170 
172 
174 
177 
180 
185 
190 
196 
202 
209 
215 
223 
231 
239 
247 
256 
264 
273 
281 
290 
297 
305 
312 
318 
324 
329 
334 
337 
339 
342 
344 
344 
344 
342 
339 
336 
334 
328 
323 
317 
311 
304 
297 
289 
280 
272 
264 
255 
247 
238 
231 
224 
216 
210 
204 
198 
192 
187 
183 
180 
177 
175 
174 
174 
174 
175 
177 
180 
184 
188 
193 
198 
204 
211 
217 
224 
232 
240 
248 
256 
264 
272 
280 
288 
296 
303 
309 
315 
321 
326 
330 
334 
337 
339 
340 
340 
340 
339 
337 
333 
329 
325 
320 
315 
309 
302 
295 
288 
279 
271 
263 
255 
247 
239 
232 
225 
218 
212 
206 
200 
195 
190 
186 
183 
181 
179 
178 
177 
178 
179 
181 
183 
187 
191 
195 
201 
205 
212 
218 
225 
233 
240 
248 
256 
264 
271 
279 
286 
294 
301 
307 
313 
318 
323 
327 
330 
332 
334 
335 
336 
336 
335 
332 
330 
326 
322 
318 
312 
307 
300 
294 
286 
278 
271 
263 
255 
247 
240 
232 
225 
218 
211 
206 
200 
195 
190 
186 
183 
181 
179 
178 
177 
178 
179 
181 
183 
187 
191 
195 
201 
206 
212 
218 
225 
233 
240 
248 
256 
264 
271 
279 
286 
294 
301 
307 
313 
318 
323 
327 
330 
332 
334 
335 
336 
335 
334 
332 
330 
326 
322 
318 
312 
307 
300 
294 
286 
278 
271 
263 
255 
247 
240 
233 
226 
220 
213 
208 
203 
198 
193 
189 
186 
184 
182 
181 
181 
181 
182 
184 
186 
190 
194 
198 
203 
207 
214 
220 
227 
234 
241 
248 
256 
263 
271 
278 
285 
292 
299 
305 
310 
315 
320 
324 
327 
329 
331 
332 
332 
332 
331 
329 
327 
323 
319 
315 
310 
305 
298 
292 
284 
277 
270 
263 
255 
248 
240 
234 
227 
221 
215 
210 
205 
200 
196 
192 
189 
187 
185 
184 
184 
184 
185 
187 
189 
192 
196 
200 
205 
210 
215 
221 
228 
235 
242 
249 
256 
263 
270 
277 
284 
291 
297 
303 
308 
313 
317 
321 
324 
326 
328 
329 
329 
329 
328 
326 
324 
321 
317 
313 
308 
303 
297 
291 
283 
276 
269 
262 
255 
248 
241 
235 
229 
223 
217 
212 
207 
203 
197 
195 
192 
190 
188 
187 
187 
187 
188 
190 
192 
195 
199 
203 
207 
211 
217 
223 
229 
236 
242 
249 
256 
263 
269 
276 
282 
289 
294 
301 
306 
310 
315 
318 
321 
323 
325 
326 
326 
326 
325 
323 
321 
318 
314 
310 
306 
301 
295 
289 
282 
275 
269 
262 
255 
248 
242 
235 
229 
223 
217 
212 
207 
203 
198 
195 
192 
190 
188 
187 
187 
187 
188 
190 
192 
195 
199 
203 
207 
212 
217 
223 
229 
236 
242 
249 
256 
263 
269 
276 
282 
288 
295 
301 
306 
310 
315 
318 
321 
323 
325 
326 
326 
326 
325 
323 
321 
318 
314 
310 
306 
301 
295 
289 
282 
275 
269 
262 
255 
248 
242 
236 
230 
224 
218 
214 
209 
205 
200 
197 
195 
193 
191 
190 
190 
190 
191 
193 
195 
198 
201 
205 
209 
213 
219 
224 
230 
236 
243 
249 
256 
262 
269 
275 
281 
288 
294 
299 
304 
308 
312 
315 
318 
320 
322 
323 
323 
323 
322 
320 
318 
315 
312 
308 
304 
299 
293 
288 
281 
275 
268 
262 
255 
249 
242 
237 
231 
225 
220 
215 
211 
207 
203 
200 
197 
195 
194 
193 
193 
193 
194 
196 
198 
200 
204 
207 
211 
215 
220 
226 
231 
237 
243 
249 
256 
262 
268 
274 
280 
286 
292 
297 
302 
306 
310 
313 
316 
318 
319 
320 
320 
320 
319 
317 
315 
313 
309 
306 
302 
297 
292 
285 
280 
274 
268 
262 
255 
249 
243 
238 
232 
227 
221 
217 
212 
209 
206 
202 
200 
198 
197 
196 
195 
196 
197 
198 
200 
203 
206 
209 
212 
217 
222 
227 
232 
238 
244 
250 
256 
262 
268 
273 
279 
284 
291 
295 
300 
304 
307 
310 
313 
315 
316 
317 
318 
317 
316 
315 
313 
310 
307 
304 
300 
295 
290 
284 
279 
273 
267 
261 
255 
249 
243 
238 
232 
227 
221 
217 
212 
209 
206 
203 
200 
198 
197 
196 
195 
196 
197 
198 
200 
203 
206 
209 
213 
217 
222 
227 
232 
238 
244 
250 
256 
262 
268 
273 
279 
284 
291 
295 
300 
304 
307 
310 
313 
315 
316 
317 
318 
317 
316 
315 
313 
310 
307 
304 
300 
295 
290 
284 
279 
273 
267 
261 
255 
249 
243 
238 
233 
228 
223 
218 
214 
211 
207 
204 
202 
200 
199 
198 
198 
198 
199 
201 
203 
205 
208 
211 
215 
218 
223 
228 
233 
239 
244 
250 
256 
261 
267 
273 
278 
283 
289 
294 
298 
302 
305 
308 
311 
313 
314 
315 
315 
315 
314 
312 
310 
308 
305 
302 
298 
294 
289 
283 
278 
272 
267 
261 
255 
250 
244 
239 
234 
229 
224 
220 
216 
212 
209 
207 
205 
203 
201 
201 
200 
201 
201 
203 
205 
207 
210 
213 
216 
220 
225 
229 
234 
239 
245 
250 
256 
261 
267 
272 
277 
282 
288 
292 
296 
300 
303 
306 
308 
310 
312 
312 
313 
312 
312 
310 
308 
306 
303 
300 
296 
292 
286 
282 
277 
272 
266 
261 
255 
250 
244 
240 
235 
230 
226 
221 
217 
214 
211 
208 
207 
205 
204 
203 
203 
203 
204 
205 
207 
209 
212 
214 
218 
222 
226 
230 
235 
240 
245 
250 
256 
261 
266 
271 
276 
281 
285 
291 
295 
298 
301 
304 
306 
308 
309 
310 
310 
310 
309 
308 
306 
304 
301 
298 
294 
289 
285 
281 
276 
271 
266 
261 
255 
250 
245 
240 
235 
230 
226 
221 
217 
214 
212 
209 
206 
205 
204 
203 
203 
203 
203 
205 
207 
209 
211 
214 
218 
222 
226 
230 
235 
240 
245 
250 
256 
261 
266 
271 
276 
281 
285 
291 
295 
298 
301 
304 
306 
308 
309 
310 
310 
310 
309 
308 
306 
304 
301 
298 
294 
289 
285 
281 
276 
271 
266 
261 
255 
250 
245 
240 
236 
231 
227 
223 
219 
216 
213 
210 
209 
207 
206 
205 
205 
205 
206 
207 
209 
211 
213 
216 
219 
223 
227 
231 
236 
241 
246 
251 
256 
261 
266 
271 
275 
280 
284 
289 
293 
296 
299 
302 
304 
306 
307 
308 
308 
308 
307 
306 
304 
302 
299 
296 
293 
289 
284 
280 
275 
270 
265 
260 
255 
250 
245 
241 
237 
232 
228 
224 
221 
217 
214 
212 
211 
209 
208 
208 
207 
207 
207 
209 
211 
213 
215 
218 
221 
224 
228 
232 
237 
241 
246 
251 
256 
260 
265 
270 
274 
279 
283 
288 
291 
295 
298 
300 
302 
304 
305 
305 
306 
305 
305 
304 
302 
300 
297 
294 
291 
288 
283 
279 
274 
270 
265 
260 
255 
251 
246 
242 
237 
233 
229 
226 
222 
219 
216 
214 
213 
211 
210 
210 
209 
210 
210 
210 
212 
214 
216 
219 
222 
226 
229 
233 
238 
242 
246 
251 
256 
260 
265 
269 
274 
278 
282 
285 
290 
293 
296 
298 
300 
302 
303 
303 
304 
303 
303 
302 
300 
298 
296 
293 
290 
285 
282 
278 
273 
269 
265 
260 
255 
251 
246 
242 
237 
233 
229 
226 
222 
219 
216 
214 
212 
210 
210 
210 
209 
210 
209 
211 
212 
215 
216 
219 
222 
226 
229 
233 
238 
242 
246 
251 
256 
260 
265 
269 
274 
278 
282 
285 
290 
293 
296 
298 
300 
302 
303 
303 
304 
303 
303 
302 
300 
298 
296 
293 
290 
285 
282 
278 
273 
269 
265 
260 
255 
251 
246 
242 
238 
234 
230 
227 
223 
220 
218 
216 
214 
213 
211 
212 
210 
211 
211 
213 
214 
216 
218 
221 
224 
227 
231 
234 
238 
243 
247 
251 
256 
260 
264 
269 
273 
277 
281 
284 
289 
292 
294 
296 
298 
300 
301 
301 
302 
301 
301 
300 
298 
296 
294 
291 
288 
284 
280 
277 
273 
268 
264 
260 
255 
251 
247 
243 
239 
235 
231 
228 
225 
222 
219 
217 
216 
214 
213 
213 
212 
212 
213 
214 
216 
217 
220 
222 
225 
228 
232 
235 
239 
243 
247 
251 
256 
260 
264 
268 
272 
276 
280 
283 
286 
290 
293 
295 
296 
298 
299 
300 
300 
300 
299 
298 
296 
295 
292 
290 
286 
283 
279 
276 
272 
268 
264 
260 
255 
251 
247 
243 
240 
236 
232 
229 
226 
223 
221 
219 
217 
216 
215 
214 
214 
215 
215 
216 
217 
219 
221 
224 
226 
229 
233 
236 
240 
244 
248 
252 
256 
260 
264 
268 
271 
275 
279 
282 
285 
289 
291 
293 
295 
296 
297 
298 
298 
298 
297 
296 
295 
293 
291 
287 
285 
282 
278 
275 
271 
267 
263 
259 
255 
251 
247 
243 
240 
236 
232 
229 
226 
223 
221 
219 
217 
216 
215 
214 
214 
214 
215 
216 
217 
219 
221 
224 
226 
229 
233 
236 
240 
244 
248 
252 
256 
260 
264 
268 
271 
275 
279 
282 
285 
289 
291 
293 
295 
296 
297 
298 
298 
298 
297 
296 
295 
293 
291 
288 
285 
282 
278 
275 
271 
267 
263 
259 
255 
251 
247 
244 
240 
237 
233 
230 
227 
225 
222 
220 
219 
218 
218 
216 
216 
216 
217 
218 
219 
221 
223 
225 
228 
230 
234 
237 
240 
244 
248 
252 
256 
260 
263 
267 
271 
274 
278 
281 
284 
287 
290 
292 
293 
294 
295 
296 
296 
296 
295 
294 
293 
291 
289 
287 
283 
281 
277 
274 
271 
267 
263 
259 
255 
251 
248 
244 
241 
238 
234 
231 
229 
226 
224 
222 
220 
219 
218 
218 
218 
218 
218 
219 
220 
222 
224 
226 
229 
231 
235 
238 
241 
245 
248 
252 
256 
259 
263 
267 
270 
273 
277 
280 
282 
285 
288 
290 
292 
293 
294 
294 
294 
294 
294 
293 
292 
290 
288 
286 
282 
280 
276 
273 
270 
266 
263 
259 
255 
252 
248 
245 
241 
238 
235 
232 
230 
227 
225 
223 
222 
221 
220 
219 
219 
219 
220 
221 
222 
223 
225 
227 
230 
232 
235 
238 
242 
245 
249 
252 
256 
259 
263 
266 
270 
273 
276 
279 
281 
284 
287 
289 
290 
291 
292 
293 
293 
293 
292 
291 
290 
288 
286 
284 
281 
279 
276 
273 
269 
266 
262 
259 
255 
252 
248 
245 
241 
238 
235 
232 
230 
227 
225 
223 
222 
221 
220 
219 
219 
219 
220 
221 
222 
223 
225 
227 
230 
232 
235 
238 
242 
245 
249 
252 
256 
259 
263 
266 
270 
273 
276 
279 
281 
284 
286 
289 
290 
291 
292 
293 
293 
293 
292 
291 
290 
289 
286 
284 
281 
279 
276 
273 
269 
266 
262 
259 
255 
252 
248 
245 
242 
239 
236 
233 
231 
229 
226 
225 
223 
222 
221 
221 
221 
221 
221 
222 
223 
225 
227 
229 
231 
233 
236 
239 
242 
246 
249 
252 
256 
259 
262 
266 
269 
272 
275 
278 
280 
282 
285 
286 
289 
290 
291 
291 
291 
291 
291 
290 
288 
286 
284 
282 
280 
278 
275 
272 
269 
265 
262 
259 
255 
252 
249 
246 
243 
240 
237 
234 
232 
230 
228 
226 
225 
224 
223 
222 
222 
222 
223 
224 
225 
226 
228 
230 
232 
234 
237 
240 
243 
246 
249 
252 
256 
259 
262 
265 
268 
271 
274 
277 
279 
281 
283 
285 
286 
288 
289 
290 
290 
290 
289 
288 
286 
285 
283 
281 
279 
277 
274 
271 
268 
265 
262 
259 
255 
252 
249 
246 
243 
240 
238 
235 
233 
231 
229 
227 
226 
225 
224 
224 
224 
224 
224 
225 
226 
227 
229 
231 
233 
235 
238 
241 
243 
246 
249 
252 
256 
259 
262 
265 
268 
271 
273 
276 
278 
280 
282 
284 
285 
286 
288 
288 
288 
288 
288 
287 
285 
284 
282 
280 
278 
276 
273 
270 
268 
265 
262 
259 
255 
252 
249 
246 
243 
240 
238 
235 
233 
231 
229 
227 
226 
225 
224 
224 
224 
224 
224 
225 
226 
227 
229 
231 
233 
235 
238 
241 
243 
246 
249 
252 
256 
259 
262 
265 
268 
271 
273 
276 
278 
280 
282 
284 
285 
286 
288 
288 
288 
288 
288 
286 
285 
284 
282 
280 
278 
276 
273 
270 
268 
265 
262 
259 
255 
252 
249 
247 
244 
241 
238 
236 
234 
232 
230 
229 
227 
226 
226 
225 
225 
225 
226 
226 
227 
229 
230 
232 
234 
236 
239 
241 
244 
247 
250 
253 
256 
259 
262 
264 
267 
270 
273 
275 
277 
279 
281 
282 
284 
285 
285 
287 
286 
286 
285 
286 
285 
282 
281 
279 
277 
275 
272 
270 
267 
264 
261 
258 
255 
252 
249 
247 
244 
242 
239 
237 
235 
233 
231 
230 
228 
227 
227 
226 
226 
226 
227 
228 
229 
230 
231 
233 
235 
237 
239 
242 
244 
247 
250 
253 
256 
258 
261 
264 
267 
269 
272 
274 
276 
278 
280 
281 
283 
284 
284 
285 
286 
285 
285 
283 
282 
281 
280 
278 
276 
274 
272 
269 
267 
264 
261 
258 
255 
253 
250 
247 
245 
242 
240 
238 
236 
234 
232 
231 
230 
229 
228 
228 
227 
228 
228 
229 
230 
231 
232 
234 
236 
238 
240 
242 
245 
247 
250 
253 
256 
258 
261 
264 
266 
269 
271 
273 
275 
277 
279 
280 
281 
282 
283 
283 
284 
283 
283 
282 
281 
280 
279 
277 
275 
273 
271 
269 
266 
264 
261 
258 
255 
253 
250 
247 
245 
242 
240 
238 
236 
234 
232 
231 
230 
229 
228 
228 
227 
228 
228 
229 
230 
231 
232 
234 
236 
238 
240 
242 
245 
247 
250 
253 
256 
258 
261 
264 
266 
269 
271 
273 
275 
277 
279 
280 
281 
282 
283 
283 
284 
283 
283 
282 
281 
280 
279 
277 
275 
273 
271 
269 
266 
264 
261 
258 
255 
253 
250 
248 
245 
243 
241 
238 
236 
235 
233 
232 
231 
230 
229 
229 
229 
229 
229 
230 
231 
232 
233 
235 
237 
239 
241 
243 
245 
248 
250 
253 
256 
258 
261 
263 
266 
268 
270 
273 
275 
276 
278 
279 
280 
281 
282 
282 
282 
282 
282 
281 
280 
279 
278 
276 
274 
272 
270 
268 
266 
263 
261 
258 
255 
253 
250 
248 
246 
243 
241 
239 
237 
236 
234 
233 
232 
231 
230 
230 
230 
230 
230 
231 
232 
233 
234 
236 
237 
239 
241 
243 
246 
248 
251 
253 
256 
258 
261 
263 
265 
268 
270 
272 
274 
275 
277 
278 
279 
280 
281 
281 
281 
281 
281 
280 
279 
278 
277 
275 
274 
272 
270 
268 
265 
263 
260 
258 
255 
253 
250 
248 
246 
244 
242 
240 
238 
236 
235 
234 
233 
232 
231 
231 
231 
231 
231 
232 
233 
234 
235 
237 
238 
240 
242 
244 
246 
248 
251 
253 
256 
258 
260 
263 
265 
267 
269 
271 
273 
275 
276 
277 
278 
279 
280 
280 
280 
280 
280 
279 
278 
277 
276 
274 
273 
271 
269 
267 
265 
263 
260 
258 
255 
253 
251 
248 
246 
244 
242 
240 
238 
236 
235 
234 
233 
232 
231 
231 
231 
231 
231 
232 
233 
234 
235 
237 
238 
240 
242 
244 
246 
248 
251 
253 
256 
258 
260 
263 
265 
267 
269 
271 
273 
275 
276 
277 
278 
279 
280 
280 
280 
280 
280 
279 
278 
277 
276 
274 
273 
271 
269 
267 
265 
263 
260 
258 
255 
253 
251 
249 
246 
244 
242 
241 
239 
237 
236 
235 
234 
233 
232 
232 
232 
232 
232 
233 
234 
235 
236 
237 
239 
241 
242 
244 
247 
249 
251 
253 
256 
258 
260 
262 
265 
267 
269 
270 
272 
274 
275 
276 
277 
278 
279 
279 
279 
279 
279 
278 
277 
276 
275 
274 
272 
270 
269 
267 
264 
262 
260 
258 
255 
253 
251 
249 
247 
245 
243 
241 
239 
238 
237 
236 
235 
234 
233 
233 
233 
233 
233 
234 
235 
236 
237 
238 
240 
241 
243 
245 
247 
249 
251 
253 
256 
258 
260 
262 
264 
266 
268 
270 
272 
273 
274 
275 
276 
277 
278 
278 
278 
278 
278 
277 
276 
275 
274 
273 
271 
270 
268 
266 
264 
262 
260 
258 
255 
253 
251 
249 
247 
245 
243 
242 
240 
239 
237 
236 
236 
235 
234 
234 
234 
234 
234 
235 
236 
236 
238 
239 
240 
242 
244 
245 
247 
249 
251 
253 
256 
258 
260 
262 
264 
266 
268 
269 
271 
272 
274 
275 
275 
276 
277 
277 
277 
277 
277 
276 
275 
275 
273 
272 
271 
269 
267 
266 
264 
262 
260 
258 
255 
253 
251 
249 
247 
245 
243 
242 
240 
239 
237 
236 
236 
235 
234 
234 
234 
234 
234 
235 
236 
236 
238 
239 
240 
242 
244 
245 
247 
249 
251 
253 
256 
258 
260 
262 
264 
266 
268 
269 
271 
272 
274 
275 
275 
276 
277 
277 
277 
277 
277 
276 
275 
275 
273 
272 
271 
269 
267 
266 
264 
262 
260 
258 
255 
253 
251 
249 
248 
246 
244 
242 
241 
239 
238 
237 
236 
236 
235 
235 
235 
235 
235 
236 
236 
237 
238 
240 
241 
242 
244 
246 
248 
250 
252 
254 
256 
258 
260 
262 
263 
265 
267 
269 
270 
272 
273 
274 
275 
275 
276 
276 
276 
276 
276 
275 
275 
274 
273 
271 
270 
269 
267 
265 
263 
261 
259 
257 
255 
253 
251 
250 
248 
246 
244 
243 
241 
240 
239 
238 
237 
237 
236 
236 
236 
236 
236 
237 
237 
238 
239 
240 
242 
243 
245 
246 
248 
250 
252 
254 
256 
258 
259 
261 
263 
265 
267 
268 
270 
271 
272 
273 
274 
274 
275 
275 
275 
275 
275 
274 
274 
273 
272 
271 
269 
268 
266 
265 
263 
261 
259 
257 
255 
253 
252 
250 
248 
247 
245 
243 
242 
241 
240 
239 
238 
237 
237 
237 
237 
237 
237 
237 
238 
239 
240 
241 
242 
243 
245 
247 
248 
250 
252 
254 
256 
257 
259 
261 
263 
264 
266 
268 
269 
270 
271 
272 
273 
274 
274 
274 
274 
274 
274 
274 
273 
272 
271 
270 
269 
268 
266 
264 
263 
261 
259 
257 
255 
254 
252 
250 
248 
247 
245 
243 
242 
241 
240 
239 
238 
237 
237 
237 
237 
237 
237 
237 
238 
239 
240 
241 
242 
243 
245 
247 
248 
250 
252 
254 
256 
257 
259 
261 
263 
264 
266 
268 
269 
270 
271 
272 
273 
274 
274 
274 
274 
274 
274 
274 
273 
272 
271 
270 
269 
268 
266 
264 
263 
261 
259 
257 
255 
254 
252 
250 
248 
247 
245 
244 
243 
241 
240 
239 
239 
238 
238 
237 
237 
237 
238 
238 
239 
239 
240 
241 
243 
244 
245 
247 
249 
250 
252 
254 
256 
257 
259 
261 
263 
264 
266 
267 
268 
270 
271 
272 
272 
273 
273 
274 
274 
274 
273 
273 
272 
272 
271 
270 
268 
267 
266 
264 
262 
261 
259 
257 
255 
254 
252 
250 
249 
247 
246 
244 
243 
242 
241 
240 
239 
239 
238 
238 
238 
238 
238 
239 
239 
240 
241 
242 
243 
244 
246 
247 
249 
251 
252 
254 
256 
257 
259 
261 
262 
264 
265 
267 
268 
269 
270 
271 
272 
272 
273 
273 
273 
273 
273 
272 
272 
271 
270 
269 
268 
267 
265 
264 
262 
260 
259 
257 
255 
254 
252 
251 
249 
248 
246 
245 
244 
243 
242 
241 
240 
240 
239 
239 
239 
239 
239 
240 
240 
241 
242 
243 
244 
245 
246 
248 
249 
251 
252 
254 
256 
257 
259 
260 
262 
263 
265 
266 
267 
268 
269 
270 
271 
271 
272 
272 
272 
272 
272 
271 
271 
270 
269 
268 
267 
266 
265 
263 
262 
260 
259 
257 
255 
254 
252 
251 
249 
248 
246 
245 
244 
243 
242 
241 
240 
240 
239 
239 
239 
239 
239 
240 
240 
241 
242 
243 
244 
245 
246 
248 
249 
251 
252 
254 
256 
257 
259 
260 
262 
263 
265 
266 
267 
268 
269 
270 
271 
271 
272 
272 
272 
272 
272 
271 
271 
270 
269 
268 
267 
266 
265 
263 
262 
260 
259 
257 
255 
254 
252 
251 
249 
248 
247 
245 
244 
243 
242 
241 
241 
240 
240 
240 
240 
240 
240 
240 
241 
241 
242 
243 
244 
245 
247 
248 
249 
251 
252 
254 
256 
257 
259 
260 
262 
263 
264 
266 
267 
268 
269 
270 
270 
271 
271 
271 
271 
271 
271 
271 
270 
270 
269 
268 
267 
266 
264 
263 
262 
260 
259 
257 
255 
254 
252 
251 
250 
248 
247 
246 
245 
244 
243 
242 
241 
241 
241 
240 
240 
240 
241 
241 
241 
242 
243 
244 
245 
246 
247 
248 
250 
251 
253 
254 
256 
257 
259 
260 
261 
263 
264 
265 
266 
267 
268 
269 
270 
270 
270 
271 
271 
271 
270 
270 
270 
269 
268 
267 
266 
265 
264 
263 
261 
260 
258 
257 
255 
254 
252 
251 
250 
249 
247 
246 
245 
244 
243 
243 
242 
241 
241 
241 
241 
241 
241 
242 
242 
243 
243 
244 
245 
246 
247 
249 
250 
251 
253 
254 
256 
257 
258 
260 
261 
262 
264 
265 
266 
267 
268 
268 
269 
270 
270 
270 
270 
270 
270 
269 
269 
268 
268 
267 
266 
265 
264 
262 
261 
260 
258 
257 
255 
254 
253 
251 
250 
249 
247 
246 
245 
244 
243 
243 
242 
241 
241 
241 
241 
241 
241 
242 
242 
243 
243 
244 
245 
246 
247 
249 
250 
251 
253 
254 
256 
257 
258 
260 
261 
262 
264 
265 
266 
267 
268 
268 
269 
270 
270 
270 
270 
270 
270 
269 
269 
268 
268 
267 
266 
265 
264 
262 
261 
260 
258 
257 
255 
254 
253 
251 
250 
249 
248 
247 
246 
245 
244 
243 
243 
242 
242 
242 
241 
242 
242 
242 
243 
243 
244 
245 
246 
247 
248 
249 
250 
251 
253 
254 
256 
257 
258 
260 
261 
262 
263 
264 
265 
266 
267 
268 
268 
269 
269 
269 
270 
269 
269 
269 
268 
268 
267 
266 
265 
264 
263 
262 
261 
260 
258 
257 
255 
254 
253 
252 
250 
249 
248 
247 
246 
245 
244 
244 
243 
243 
242 
242 
242 
242 
242 
243 
243 
244 
244 
245 
246 
247 
248 
249 
250 
252 
253 
254 
256 
257 
258 
259 
261 
262 
263 
264 
265 
266 
267 
267 
268 
268 
269 
269 
269 
269 
269 
268 
268 
267 
267 
266 
265 
264 
263 
262 
261 
259 
258 
257 
255 
254 
253 
252 
251 
249 
248 
247 
246 
246 
245 
244 
244 
243 
243 
243 
243 
243 
243 
243 
244 
244 
245 
246 
246 
247 
248 
249 
251 
252 
253 
254 
256 
257 
258 
259 
260 
262 
263 
264 
265 
265 
266 
267 
267 
268 
268 
268 
268 
268 
268 
268 
267 
267 
266 
265 
265 
264 
263 
262 
260 
259 
258 
257 
255 
254 
253 
252 
251 
249 
248 
247 
246 
246 
245 
244 
244 
243 
243 
243 
243 
243 
243 
243 
244 
244 
245 
246 
246 
247 
248 
249 
251 
252 
253 
254 
256 
257 
258 
259 
260 
262 
263 
264 
265 
265 
266 
267 
267 
268 
268 
268 
268 
268 
268 
268 
267 
267 
266 
265 
265 
264 
263 
262 
260 
259 
258 
257 
255 
254 
253 
252 
251 
250 
249 
248 
247 
246 
245 
245 
244 
244 
243 
243 
243 
243 
243 
244 
244 
245 
245 
246 
247 
248 
249 
250 
251 
252 
253 
254 
256 
257 
258 
259 
260 
261 
262 
263 
264 
265 
266 
266 
267 
267 
268 
268 
268 
268 
268 
267 
267 
266 
266 
265 
264 
263 
262 
261 
260 
259 
258 
257 
255 
254 
253 
252 
251 
250 
249 
248 
247 
246 
246 
245 
245 
244 
244 
244 
244 
244 
244 
244 
245 
245 
246 
246 
247 
248 
249 
250 
251 
252 
253 
254 
256 
257 
258 
259 
260 
261 
262 
263 
264 
265 
265 
266 
266 
267 
267 
267 
267 
267 
267 
267 
266 
266 
265 
265 
264 
263 
262 
261 
260 
259 
258 
257 
255 
254 
253 
252 
251 
250 
249 
248 
247 
247 
246 
246 
245 
245 
244 
244 
244 
244 
244 
245 
245 
246 
246 
247 
248 
248 
249 
250 
251 
252 
253 
254 
256 
257 
258 
259 
260 
261 
262 
263 
264 
264 
265 
265 
266 
266 
267 
267 
267 
267 
267 
266 
266 
265 
265 
264 
263 
263 
262 
261 
260 
259 
258 
257 
255 
254 
253 
252 
251 
250 
249 
248 
247 
247 
246 
246 
245 
245 
244 
244 
244 
244 
244 
245 
245 
246 
246 
247 
248 
248 
249 
250 
251 
252 
253 
254 
256 
257 
258 
259 
260 
261 
262 
263 
264 
264 
265 
265 
266 
266 
267 
267 
267 
267 
267 
266 
266 
265 
265 
264 
263 
263 
262 
261 
260 
259 
258 
257 
255 
254 
253 
252 
251 
250 
249 
249 
248 
247 
246 
246 
246 
245 
245 
245 
245 
245 
245 
245 
246 
246 
247 
247 
248 
249 
250 
250 
251 
252 
253 
254 
256 
257 
258 
259 
260 
261 
262 
262 
263 
264 
265 
265 
265 
266 
266 
266 
266 
266 
266 
266 
265 
265 
264 
264 
263 
262 
261 
261 
260 
259 
258 
257 
255 
254 
253 
252 
252 
251 
250 
249 
248 
247 
247 
246 
246 
246 
245 
245 
245 
245 
245 
246 
246 
246 
247 
248 
248 
249 
250 
251 
252 
253 
254 
255 
256 
257 
258 
259 
259 
260 
261 
262 
263 
264 
264 
265 
265 
265 
266 
266 
266 
266 
266 
265 
265 
265 
264 
263 
263 
262 
261 
260 
259 
258 
257 
256 
255 
254 
253 
253 
252 
251 
250 
249 
248 
248 
247 
247 
246 
246 
246 
246 
246 
246 
246 
246 
246 
247 
247 
248 
249 
249 
250 
251 
252 
253 
254 
255 
256 
257 
257 
258 
259 
260 
261 
262 
263 
263 
264 
264 
265 
265 
265 
265 
265 
265 
265 
265 
265 
264 
264 
263 
262 
262 
261 
260 
259 
258 
257 
256 
255 
254 
254 
253 
252 
251 
250 
249 
248 
248 
247 
247 
246 
246 
246 
246 
246 
246 
246 
246 
246 
247 
247 
248 
249 
249 
250 
251 
252 
253 
254 
255 
256 
257 
257 
258 
259 
260 
261 
262 
263 
263 
264 
264 
265 
265 
265 
265 
265 
265 
265 
265 
265 
264 
264 
263 
262 
262 
261 
260 
259 
258 
257 
256 
255 
254 
254 
253 
252 
251 
250 
249 
249 
248 
248 
247 
247 
246 
246 
246 
246 
246 
246 
246 
247 
247 
248 
248 
249 
249 
250 
251 
252 
253 
254 
255 
256 
256 
257 
258 
259 
260 
261 
262 
262 
263 
263 
264 
264 
265 
265 
265 
265 
265 
265 
265 
264 
264 
263 
263 
262 
262 
261 
260 
259 
258 
257 
256 
255 
255 
254 
253 
252 
251 
250 
250 
249 
248 
248 
247 
247 
247 
247 
246 
246 
246 
247 
247 
247 
247 
248 
248 
249 
250 
250 
251 
252 
253 
254 
255 
256 
256 
257 
258 
259 
260 
261 
261 
262 
263 
263 
264 
264 
264 
264 
265 
265 
265 
264 
264 
264 
264 
263 
263 
262 
261 
261 
260 
259 
258 
257 
256 
255 
255 
254 
253 
252 
251 
251 
250 
249 
249 
248 
248 
247 
247 
247 
247 
247 
247 
247 
247 
247 
248 
248 
249 
249 
250 
251 
251 
252 
253 
254 
255 
256 
256 
257 
258 
259 
260 
260 
261 
262 
262 
263 
263 
264 
264 
264 
264 
264 
264 
264 
264 
264 
263 
263 
262 
262 
261 
260 
260 
259 
258 
257 
256 
255 
255 
254 
253 
252 
251 
251 
250 
249 
249 
248 
248 
247 
247 
247 
247 
247 
247 
247 
247 
247 
248 
248 
249 
249 
250 
251 
251 
252 
253 
254 
255 
256 
256 
257 
258 
259 
260 
260 
261 
262 
262 
263 
263 
264 
264 
264 
264 
264 
264 
264 
264 
264 
263 
263 
262 
262 
261 
260 
260 
259 
258 
257 
256 
255 
255 
254 
253 
252 
252 
251 
250 
250 
249 
249 
248 
248 
248 
247 
247 
247 
247 
247 
248 
248 
248 
249 
249 
250 
250 
251 
252 
252 
253 
254 
255 
256 
256 
257 
258 
259 
259 
260 
261 
261 
262 
262 
263 
263 
263 
264 
264 
264 
264 
264 
263 
263 
263 
262 
262 
261 
261 
260 
259 
259 
258 
257 
256 
255 
255 
254 
253 
252 
252 
251 
250 
250 
249 
249 
248 
248 
248 
248 
248 
248 
248 
248 
248 
248 
248 
249 
249 
250 
250 
251 
252 
252 
253 
254 
255 
256 
256 
257 
258 
259 
259 
260 
261 
261 
262 
262 
263 
263 
263 
263 
263 
263 
263 
263 
263 
263 
263 
262 
262 
261 
261 
260 
259 
259 
258 
257 
256 
255 
255 
254 
253 
253 
252 
251 
251 
250 
250 
249 
249 
248 
248 
248 
248 
248 
248 
248 
248 
248 
249 
249 
250 
250 
251 
251 
252 
253 
253 
254 
255 
256 
256 
257 
258 
258 
259 
260 
260 
261 
261 
262 
262 
263 
263 
263 
263 
263 
263 
263 
263 
263 
262 
262 
261 
261 
260 
260 
259 
258 
258 
257 
256 
255 
255 
254 
253 
253 
252 
251 
251 
250 
250 
249 
249 
248 
248 
248 
248 
248 
248 
248 
248 
248 
249 
249 
250 
250 
251 
251 
252 
253 
253 
254 
255 
256 
256 
257 
258 
258 
259 
260 
260 
261 
261 
262 
262 
263 
263 
263 
263 
263 
263 
263 
263 
263 
262 
262 
261 
261 
260 
260 
259 
258 
258 
257 
256 
255 
255 
254 
253 
253 
252 
251 
251 
250 
250 
249 
249 
249 
248 
248 
248 
248 
248 
248 
249 
249 
249 
249 
250 
250 
251 
251 
252 
253 
253 
254 
255 
256 
256 
257 
258 
258 
259 
260 
260 
261 
261 
262 
262 
262 
263 
263 
263 
263 
263 
263 
262 
262 
262 
262 
261 
261 
260 
260 
259 
258 
258 
257 
256 
255 
255 
254 
253 
253 
252 
252 
251 
251 
250 
250 
249 
249 
249 
249 
249 
248 
249 
249 
249 
249 
249 
250 
250 
251 
251 
252 
252 
253 
253 
254 
255 
256 
256 
257 
258 
258 
259 
259 
260 
260 
261 
261 
262 
262 
262 
262 
262 
263 
262 
262 
262 
262 
262 
261 
261 
260 
260 
259 
259 
258 
258 
257 
256 
255 
255 
254 
254 
253 
252 
252 
251 
251 
250 
250 
250 
249 
249 
249 
249 
249 
249 
249 
249 
249 
250 
250 
250 
251 
251 
252 
252 
253 
254 
254 
255 
256 
256 
257 
257 
258 
259 
259 
260 
260 
261 
261 
261 
262 
262 
262 
262 
262 
262 
262 
262 
262 
261 
261 
261 
260 
260 
259 
259 
258 
257 
257 
256 
255 
255 
254 
254 
253 
252 
252 
251 
251 
250 
250 
250 
249 
249 
249 
249 
249 
249 
249 
249 
249 
250 
250 
250 
251 
251 
252 
252 
253 
254 
254 
255 
256 
256 
257 
257 
258 
259 
259 
260 
260 
261 
261 
261 
262 
262 
262 
262 
262 
262 
262 
262 
262 
261 
261 
261 
260 
260 
259 
259 
258 
257 
257 
256 
255 
255 
254 
254 
253 
252 
252 
251 
251 
251 
250 
250 
250 
249 
249 
249 
249 
249 
249 
249 
250 
250 
250 
251 
251 
251 
252 
252 
253 
254 
254 
255 
256 
256 
257 
257 
258 
259 
259 
260 
260 
260 
261 
261 
261 
262 
262 
262 
262 
262 
262 
262 
261 
261 
261 
260 
260 
260 
259 
259 
258 
257 
257 
256 
255 
255 
254 
254 
253 
253 
252 
252 
251 
251 
250 
250 
250 
250 
249 
249 
249 
249 
249 
250 
250 
250 
250 
251 
251 
252 
252 
253 
253 
254 
254 
255 
256 
256 
257 
257 
258 
258 
259 
259 
260 
260 
261 
261 
261 
261 
262 
262 
262 
262 
262 
261 
261 
261 
261 
260 
260 
259 
259 
258 
258 
257 
257 
256 
255 
255 
254 
254 
253 
253 
252 
252 
251 
251 
251 
250 
250 
250 
250 
250 
250 
250 
250 
250 
250 
250 
251 
251 
251 
252 
252 
253 
253 
254 
254 
255 
256 
256 
257 
257 
258 
258 
259 
259 
260 
260 
260 
261 
261 
261 
261 
261 
261 
261 
261 
261 
261 
261 
260 
260 
260 
259 
259 
258 
258 
257 
257 
256 
255 
255 
254 
254 
253 
253 
252 
252 
251 
251 
251 
250 
250 
250 
250 
250 
250 
250 
250 
250 
250 
250 
251 
251 
251 
252 
252 
253 
253 
254 
254 
255 
256 
256 
257 
257 
258 
258 
259 
259 
260 
260 
260 
261 
261 
261 
261 
261 
261 
261 
261 
261 
261 
261 
260 
260 
260 
259 
259 
258 
258 
257 
257 
256 
255 
255 
254 
254 
253 
253 
252 
252 
251 
251 
251 
251 
250 
250 
250 
250 
250 
250 
250 
250 
250 
251 
251 
251 
252 
252 
252 
253 
253 
254 
254 
255 
256 
256 
257 
257 
258 
258 
259 
259 
260 
260 
260 
260 
261 
261 
261 
261 
261 
261 
261 
261 
261 
260 
260 
260 
259 
259 
259 
258 
258 
257 
257 
256 
255 
255 
254 
254 
253 
253 
252 
252 
252 
251 
251 
251 
251 
250 
250 
250 
250 
250 
250 
250 
251 
251 
251 
251 
252 
252 
253 
253 
253 
254 
254 
255 
256 
256 
257 
257 
258 
258 
259 
259 
259 
260 
260 
260 
260 
261 
261 
261 
261 
261 
261 
261 
260 
260 
260 
260 
259 
259 
258 
258 
258 
257 
257 
256 
255 
255 
254 
254 
254 
253 
253 
252 
252 
251 
251 
251 
251 
251 
250 
250 
250 
250 
250 
251 
251 
251 
251 
252 
252 
252 
253 
253 
254 
254 
255 
255 
256 
256 
257 
257 
257 
258 
258 
259 
259 
260 
260 
260 
260 
260 
261 
261 
261 
261 
261 
260 
260 
260 
260 
259 
259 
259 
258 
258 
257 
257 
256 
256 
255 
255 
254 
254 
254 
253 
253 
252 
252 
251 
251 
251 
251 
251 
250 
250 
250 
250 
250 
251 
251 
251 
251 
252 
252 
252 
253 
253 
254 
254 
255 
255 
256 
256 
257 
257 
257 
258 
258 
259 
259 
260 
260 
260 
260 
260 
261 
261 
261 
261 
261 
260 
260 
260 
260 
259 
259 
259 
258 
258 
257 
257 
256 
256 
255 
255 
254 
254 
254 
253 
253 
252 
252 
252 
251 
251 
251 
251 
251 
251 
251 
251 
251 
251 
251 
251 
251 
252 
252 
252 
253 
253 
254 
254 
255 
255 
256 
256 
256 
257 
257 
258 
258 
259 
259 
259 
260 
260 
260 
260 
260 
260 
260 
260 
260 
260 
260 
260 
260 
259 
259 
259 
258 
258 
257 
257 
256 
256 
255 
255 
255 
254 
254 
253 
253 
252 
252 
252 
252 
251 
251 
251 
251 
251 
251 
251 
251 
251 
251 
251 
252 
252 
252 
252 
253 
253 
254 
254 
255 
255 
256 
256 
256 
257 
257 
258 
258 
259 
259 
259 
259 
260 
260 
260 
260 
260 
260 
260 
260 
260 
260 
260 
259 
259 
259 
259 
258 
258 
257 
257 
256 
256 
255 
255 
255 
254 
254 
253 
253 
253 
252 
252 
252 
251 
251 
251 
251 
251 
251 
251 
251 
251 
251 
251 
252 
252 
252 
253 
253 
253 
254 
254 
255 
255 
256 
256 
256 
257 
257 
258 
258 
258 
259 
259 
259 
260 
260 
260 
260 
260 
260 
260 
260 
260 
260 
260 
259 
259 
259 
258 
258 
258 
257 
257 
256 
256 
255 
255 
255 
254 
254 
253 
253 
253 
252 
252 
252 
251 
251 
251 
251 
251 
251 
251 
251 
251 
251 
251 
252 
252 
252 
253 
253 
253 
254 
254 
255 
255 
256 
256 
256 
257 
257 
258 
258 
258 
259 
259 
259 
260 
260 
260 
260 
260 
260 
260 
260 
260 
260 
260 
259 
259 
259 
258 
258 
258 
257 
257 
256 
256 
255 
255 
255 
254 
254 
253 
253 
253 
252 
252 
252 
252 
251 
251 
251 
251 
251 
251 
251 
251 
251 
252 
252 
252 
252 
253 
253 
253 
254 
254 
255 
255 
256 
256 
256 
257 
257 
258 
258 
258 
259 
259 
259 
259 
260 
260 
260 
260 
260 
260 
260 
260 
260 
259 
259 
259 
259 
258 
258 
258 
257 
257 
256 
256 
255 
255 
255 
254 
254 
254 
253 
253 
253 
252 
252 
252 
252 
252 
251 
251 
251 
251 
251 
252 
252 
252 
252 
252 
253 
253 
253 
254 
254 
254 
255 
255 
256 
256 
256 
257 
257 
257 
258 
258 
258 
259 
259 
259 
259 
259 
260 
260 
260 
260 
260 
259 
259 
259 
259 
259 
258 
258 
258 
257 
257 
257 
256 
256 
255 
255 
255 
254 
254 
254 
253 
253 
253 
252 
252 
252 
252 
252 
252 
252 
252 
252 
252 
252 
252 
252 
252 
252 
253 
253 
253 
254 
254 
254 
255 
255 
256 
256 
256 
257 
257 
257 
258 
258 
258 
259 
259 
259 
259 
259 
259 
259 
259 
259 
259 
259 
259 
259 
259 
259 
258 
258 
258 
257 
257 
257 
256 
256 
255 
255 
255 
254 
254 
254 
253 
253 
253 
252 
252 
252 
252 
252 
252 
252 
252 
252 
252 
252 
252 
252 
252 
252 
253 
253 
253 
254 
254 
254 
255 
255 
256 
256 
256 
257 
257 
257 
258 
258 
258 
259 
259 
259 
259 
259 
259 
259 
259 
259 
259 
259 
259 
259 
259 
259 
258 
258 
258 
257 
257 
257 
256 
256 
255 
255 
255 
254 
254 
254 
253 
253 
253 
253 
252 
252 
252 
252 
252 
252 
252 
252 
252 
252 
252 
252 
252 
253 
253 
253 
253 
254 
254 
254 
255 
255 
256 
256 
256 
257 
257 
257 
258 
258 
258 
258 
259 
259 
259 
259 
259 
259 
259 
259 
259 
259 
259 
259 
259 
258 
258 
258 
258 
257 
257 
257 
256 
256 
255 
255 
255 
254 
254 
254 
253 
253 
253 
253 
252 
252 
252 
252 
252 
252 
252 
252 
252 
252 
252 
252 
252 
253 
253 
253 
253 
254 
254 
254 
255 
255 
256 
256 
256 
257 
257 
257 
258 
258 
258 
258 
259 
259 
259 
259 
259 
259 
259 
259 
259 
259 
259 
259 
259 
258 
258 
258 
258 
257 
257 
257 
256 
256 
255 
255 
255 
254 
254 
254 
254 
253 
253 
253 
253 
252 
252 
252 
252 
252 
252 
252 
252 
252 
252 
252 
253 
253 
253 
253 
254 
254 
254 
254 
255 
255 
256 
256 
256 
257 
257 
257 
257 
258 
258 
258 
258 
259 
259 
259 
259 
259 
259 
259 
259 
259 
259 
259 
258 
258 
258 
258 
257 
257 
257 
257 
256 
256 
255 
255 
255 
254 
254 
254 
254 
253 
253 
253 
253 
252 
252 
252 
252 
252 
252 
252 
252 
252 
252 
252 
253 
253 
253 
253 
254 
254 
254 
254 
255 
255 
256 
256 
256 
257 
257 
257 
257 
258 
258 
258 
258 
259 
259 
259 
259 
259 
259 
259 
259 
259 
259 
259 
258 
258 
258 
258 
257 
257 
257 
257 
256 
256 
255 
255 
255 
255 
254 
254 
254 
253 
253 
253 
253 
253 
252 
252 
252 
252 
252 
252 
252 
252 
252 
253 
253 
253 
253 
253 
254 
254 
254 
255 
255 
255 
256 
256 
256 
256 
257 
257 
257 
258 
258 
258 
258 
258 
259 
259 
259 
259 
259 
259 
259 
259 
259 
258 
258 
258 
258 
258 
257 
257 
257 
256 
256 
256 
255 
255 
255 
255 
254 
254 
254 
253 
253 
253 
253 
253 
253 
252 
252 
252 
252 
252 
252 
252 
253 
253 
253 
253 
253 
253 
254 
254 
254 
255 
255 
255 
256 
256 
256 
256 
257 
257 
257 
258 
258 
258 
258 
258 
258 
259 
259 
259 
259 
259 
259 
259 
258 
258 
258 
258 
258 
258 
257 
257 
257 
256 
256 
256 
255 
255 
255 
255 
254 
254 
254 
254 
253 
253 
253 
253 
253 
253 
252 
252 
252 
252 
252 
253 
253 
253 
253 
253 
253 
254 
254 
254 
254 
255 
255 
255 
256 
256 
256 
256 
257 
257 
257 
257 
258 
258 
258 
258 
258 
258 
259 
259 
259 
259 
259 
258 
258 
258 
258 
258 
258 
257 
257 
257 
257 
256 
256 
256 
255 
255 
255 
255 
254 
254 
254 
254 
253 
253 
253 
253 
253 
253 
252 
252 
252 
252 
252 
253 
253 
253 
253 
253 
253 
254 
254 
254 
254 
255 
255 
255 
256 
256 
256 
256 
257 
257 
257 
257 
258 
258 
258 
258 
258 
258 
259 
259 
259 
259 
259 
258 
258 
258 
258 
258 
258 
257 
257 
257 
257 
256 
256 
256 
255 
255 
255 
255 
254 
254 
254 
254 
253 
253 
253 
253 
253 
253 
253 
253 
253 
253 
253 
253 
253 
253 
253 
253 
253 
254 
254 
254 
254 
255 
255 
255 
256 
256 
256 
256 
257 
257 
257 
257 
258 
258 
258 
258 
258 
258 
258 
258 
258 
258 
258 
258 
258 
258 
258 
258 
258 
257 
257 
257 
257 
256 
256 
256 
255 
255 
255 
255 
254 
254 
254 
254 
253 
253 
253 
253 
253 
253 
253 
253 
253 
253 
253 
253 
253 
253 
253 
253 
254 
254 
254 
254 
254 
255 
255 
255 
256 
256 
256 
256 
257 
257 
257 
257 
258 
258 
258 
258 
258 
258 
258 
258 
258 
258 
258 
258 
258 
258 
258 
258 
257 
257 
257 
257 
257 
256 
256 
256 
255 
255 
255 
255 
254 
254 
254 
254 
254 
253 
253 
253 
253 
253 
253 
253 
253 
253 
253 
253 
253 
253 
253 
253 
254 
254 
254 
254 
254 
255 
255 
255 
256 
256 
256 
256 
257 
257 
257 
257 
257 
258 
258 
258 
258 
258 
258 
258 
258 
258 
258 
258 
258 
258 
258 
258 
257 
257 
257 
257 
257 
256 
256 
256 
255 
255 
255 
255 
254 
254 
254 
254 
254 
253 
253 
253 
253 
253 
253 
253 
253 
253 
253 
253 
253 
253 
253 
253 
254 
254 
254 
254 
254 
255 
255 
255 
256 
256 
256 
256 
257 
257 
257 
257 
257 
258 
258 
258 
258 
258 
258 
258 
258 
258 
258 
258 
258 
258 
258 
258 
257 
257 
257 
257 
257 
256 
256 
256 
255 
255 
255 
255 
255 
254 
254 
254 
254 
253 
253 
253 
253 
253 
253 
253 
253 
253 
253 
253 
253 
253 
253 
254 
254 
254 
254 
254 
255 
255 
255 
255 
256 
256 
256 
256 
256 
257 
257 
257 
257 
258 
258 
258 
258 
258 
258 
258 
258 
258 
258 
258 
258 
258 
258 
257 
257 
257 
257 
257 
256 
256 
256 
256 
255 
255 
255 
255 
255 
254 
254 
254 
254 
254 
253 
253 
253 
253 
253 
253 
253 
253 
253 
253 
253 
253 
253 
254 
254 
254 
254 
254 
255 
255 
255 
255 
256 
256 
256 
256 
256 
257 
257 
257 
257 
257 
258 
258 
258 
258 
258 
258 
258 
258 
258 
258 
258 
258 
258 
257 
257 
257 
257 
257 
256 
256 
256 
256 
255 
255 
255 
255 
255 
254 
254 
254 
254 
254 
254 
253 
253 
253 
253 
253 
253 
253 
253 
253 
253 
253 
254 
254 
254 
254 
254 
254 
255 
255 
255 
255 
256 
256 
256 
256 
256 
257 
257 
257 
257 
257 
257 
258 
258 
258 
258 
258 
258 
258 
258 
258 
258 
258 
257 
257 
257 
257 
257 
257 
256 
256 
256 
256 
255 
255 
255 
255 
255 
254 
254 
254 
254 
254 
254 
253 
253 
253 
253 
253 
253 
253 
253 
253 
253 
253 
254 
254 
254 
254 
254 
254 
255 
255 
255 
255 
256 
256 
256 
256 
256 
257 
257 
257 
257 
257 
257 
258 
258 
258 
258 
258 
258 
258 
258 
258 
258 
258 
257 
257 
257 
257 
257 
257 
256 
256 
256 
256 
255 
255 
255 
255 
255 
254 
254 
254 
254 
254 
254 
253 
253 
253 
253 
253 
253 
253 
253 
253 
253 
253 
254 
254 
254 
254 
254 
254 
255 
255 
255 
255 
256 
256 
256 
256 
256 
257 
257 
257 
257 
257 
257 
258 
258 
258 
258 
258 
258 
258 
258 
258 
258 
258 
257 
257 
257 
257 
257 
257 
256 
256 
256 
256 
255 
255 
255 
255 
255 
254 
254 
254 
254 
254 
254 
254 
253 
253 
253 
253 
253 
253 
253 
253 
253 
254 
254 
254 
254 
254 
254 
254 
255 
255 
255 
255 
256 
256 
256 
256 
256 
257 
257 
257 
257 
257 
257 
257 
258 
258 
258 
258 
258 
258 
258 
258 
258 
257 
257 
257 
257 
257 
257 
257 
256 
256 
256 
256 
255 
255 
255 
255 
255 
255 
254 
254 
254 
254 
254 
254 
254 
254 
253 
253 
253 
253 
253 
254 
254 
254 
254 
254 
254 
254 
254 
255 
255 
255 
255 
255 
256 
256 
256 
256 
256 
256 
257 
257 
257 
257 
257 
257 
257 
257 
258 
258 
258 
258 
258 
257 
257 
257 
257 
257 
257 
257 
257 
256 
256 
256 
256 
256 
255 
255 
255 
255 
255 
255 
254 
254 
254 
254 
254 
254 
254 
254 
253 
253 
253 
253 
253 
254 
254 
254 
254 
254 
254 
254 
254 
255 
255 
255 
255 
255 
256 
256 
256 
256 
256 
256 
257 
257 
257 
257 
257 
257 
257 
257 
258 
258 
258 
258 
258 
257 
257 
257 
257 
257 
257 
257 
257 
256 
256 
256 
256 
256 
255 
255 
255 
255 
255 
255 
254 
254 
254 
254 
254 
254 
254 
254 
254 
254 
254 
254 
254 
254 
254 
254 
254 
254 
254 
254 
254 
255 
255 
255 
255 
255 
256 
256 
256 
256 
256 
256 
257 
257 
257 
257 
257 
257 
257 
257 
257 
257 
257 
257 
257 
257 
257 
257 
257 
257 
257 
257 
257 
256 
256 
256 
256 
256 
255 
255 
255 
255 
255 
255 
254 
254 
254 
254 
254 
254 
254 
254 
254 
254 
254 
254 
254 
254 
254 
254 
254 
254 
254 
254 
254 
255 
255 
255 
255 
255 
256 
256 
256 
256 
256 
256 
257 
257 
257 
257 
257 
257 
257 
257 
257 
257 
257 
257 
257 
257 
257 
257 
257 
257 
257 
257 
257 
256 
256 
256 
256 
256 
255 
255 
255 
255 
255 
255 
254 
254 
254 
254 
254 
254 
254 
254 
254 
254 
254 
254 
254 
254 
254 
254 
254 
254 
254 
254 
254 
255 
255 
255 
255 
255 
256 
256 
256 
256 
256 
256 
257 
257 
257 
257 
257 
257 
257 
257 
257 
257 
257 
257 
257 
257 
257 
257 
257 
257 
257 
257 
257 
256 
256 
256 
256 
256 
255 
255 
255 
255 
255 
255 
254 
254 
254 
254 
254 
254 
254 
254 
254 
254 
254 
254 
254 
254 
254 
254 
254 
254 
254 
254 
254 
255 
255 
255 
255 
255 
256 
256 
256 
256 
256 
256 
257 
257 
257 
257 
257 
257 
257 
257 
257 
257 
257 
257 
257 
257 
257 
257 
257 
257 
257 
257 
257 
256 
256 
256 
256 
256 
255 
255 
255 
255 
255 
255 
255 
254 
254 
254 
254 
254 
254 
254 
254 
254 
254 
254 
254 
254 
254 
254 
254 
254 
254 
254 
255 
255 
255 
255 
255 
255 
256 
256 
256 
256 
256 
256 
256 
257 
257 
257 
257 
257 
257 
257 
257 
257 
257 
257 
257 
257 
257 
257 
257 
257 
257 
257 
256 
256 
256 
256 
256 
256 
255 
255 
255 
255 
255 
255 
255 
254 
254 
254 
254 
254 
254 
254 
254 
254 
254 
254 
254 
254 
254 
254 
254 
254 
254 
254 
255 
255 
255 
255 
255 
255 
256 
256 
256 
256 
256 
256 
256 
257 
257 
257 
257 
257 
257 
257 
257 
257 
257 
257 
257 
257 
257 
257 
257 
257 
257 
257 
256 
256 
255 
256 
256 
256 
255 
255 
255 
255 
255 
255 
255 
254 
254 
254 
254 
254 
254 
254 
254 
254 
254 
254 
254 
254 
254 
254 
254 
254 
254 
254 
255 
255 
255 
255 
255 
255 
256 
256 
256 
256 
256 
256 
256 
257 
257 
257 
257 
257 
257 
257 
257 
257 
257 
257 
257 
257 
257 
257 
257 
257 
257 
257 
256 
256 
256 
256 
256 
256 
255 
255 
255 
255 
255 
255 
255 
254 
254 
254 
254 
254 
254 
254 
254 
254 
254 
254 
254 
254 
254 
254 
254 
254 
254 
254 
255 
255 
255 
255 
255 
255 
256 
256 
256 
256 
256 
256 
256 
257 
257 
257 
257 
257 
257 
257 
257 
257 
257 
257 
257 
257 
257 
257 
257 
257 
257 
257 
256 
256 
256 
256 
256 
256 
255 
255 
255 
255 
255 
255 
255 
255 
254 
254 
254 
254 
254 
254 
254 
254 
254 
254 
254 
254 
254 
254 
254 
254 
254 
255 
255 
255 
255 
255 
255 
255 
256 
256 
256 
256 
256 
256 
256 
256 
257 
257 
257 
257 
257 
257 
257 
257 
257 
257 
257 
257 
257 
257 
257 
257 
257 
256 
256 
256 
256 
256 
256 
256 
255 
255 
255 
255 
255 
255 
255 
255 
254 
254 
254 
254 
254 
254 
254 
254 
254 
254 
254 
254 
254 
254 
254 
254 
254 
255 
255 
255 
255 
255 
255 
255 
256 
256 
256 
256 
256 
256 
256 
256 
257 
257 
257 
257 
257 
257 
257 
257 
257 
257 
257 
257 
257 
257 
257 
257 
257 
256 
256 
256 
256 
256 
256 
256 
255 
255 
255 
255 
255 
255 
255 
255 
254 
254 
254 
254 
254 
254 
254 
254 
254 
254 
254 
254 
254 
254 
254 
254 
255 
255 
255 
255 
255 
255 
255 
255 
256 
256 
256 
256 
256 
256 
256 
256 
257 
257 
257 
257 
257 
257 
257 
257 
257 
257 
257 
257 
257 
257 
257 
257 
256 
256 
256 
256 
256 
256 
256 
256 
255 
255 
255 
255 
255 
255 
255 
255 
254 
254 
254 
254 
254 
254 
254 
254 
254 
254 
254 
254 
254 
254 
254 
254 
255 
255 
255 
255 
255 
255 
255 
255 
256 
256 
256 
256 
256 
256 
256 
256 
257 
257 
257 
257 
257 
257 
257 
257 
257 
257 
257 
257 
257 
257 
257 
257 
256 
256 
256 
256 
256 
256 
256 
256 
255 
255 
255 
255 
255 
255 
255 
255 
255 
254 
254 
254 
254 
254 
254 
254 
254 
254 
254 
254 
254 
254 
254 
254 
255 
255 
255 
255 
255 
255 
255 
255 
256 
256 
256 
256 
256 
256 
256 
256 
256 
257 
257 
257 
257 
257 
257 
257 
257 
257 
257 
257 
257 
257 
257 
257 
256 
256 
256 
256 
256 
256 
256 
256 
255 
255 
255 
255 
255 
255 
255 
255 
255 
254 
254 
254 
254 
254 
254 
254 
254 
254 
254 
254 
254 
254 
254 
255 
255 
255 
255 
255 
255 
255 
255 
255 
256 
256 
256 
256 
256 
256 
256 
256 
256 
257 
257 
257 
257 
257 
257 
257 
257 
257 
257 
257 
257 
257 
257 
256 
256 
256 
256 
256 
256 
256 
256 
256 
255 
255 
255 
255 
255 
255 
255 
255 
255 
255 
254 
254 
254 
254 
254 
254 
254 
254 
254 
254 
254 
254 
254 
255 
255 
255 
255 
255 
255 
255 
255 
255 
256 
256 
256 
256 
256 
256 
256 
256 
256 
256 
257 
257 
257 
257 
257 
257 
257 
257 
257 
257 
257 
257 
257 
256 
256 
256 
256 
256 
256 
256 
256 
256 
255 
255 
255 
255 
255 
255 
255 
255 
255 
255 
254 
254 
254 
254 
254 
254 
254 
254 
254 
254 
254 
254 
254 
255 
255 
255 
255 
255 
255 
255 
255 
255 
256 
256 
256 
256 
256 
256 
256 
256 
256 
256 
257 
257 
257 
257 
257 
257 
257 
257 
257 
257 
257 
257 
257 
256 
256 
256 
256 
256 
256 
256 
256 
256 
255 
255 
255 
255 
255 
255 
255 
255 
255 
255 
255 
255 
255 
255 
255 
255 
255 
255 
255 
255 
255 
255 
255 
255 
255 
255 
255 
255 
255 
255 
255 
255 
255 
255 
255 
255 
255 
255 
255 
255 
255 
255 
255 
255 
255 
255 
255 
255 
255 
255 
255 
255 
255 
255 
255 
255 
255 
255 
255 
255 
255 
255 
255 
255 
255 
255 
255 
255 
255 
255 
255 
255 
255 
255 
255 
255 
255 
255 
255 
255 
255 
255 
255 
255 
255 
255 
255 
255 
255 
255 
255 
255 
255 
255 
255 
255 
255 
255 
255 
255 
255 
255 
255 
255 
255 
255 
255 
255 
255 
255 
255 
255 
255 
255 
255 
255 
255 
255 
255 
255 
255 
255 
255 
255 
255 
255 
255 
255 
255 
255 
255 
255 
255 
255 
255 
255 
255 
255 
255 
255 
255 
255 
255 
255 
255 
255 
255 
255 
255 
255 
255 
255 
255 
255 
255 
255 
255 
255 
255 
255 
255 
255 
255 
255 
255 
255 
255 
255 
255 
255 
255 
255 
255 
255 
255 
255 
255 
255 
255 
255 
255 
255 
255 
255 
255 
255 
255 
255 
255 
255 
255 
255 
255 
255 
255 
255 
255 
255 
255 
255 
255 
255 
255 
255 
255 
255 
255 
255 
255 
255 
255 
255 
255 
255 
255 
255 
255 
255 
255 
255 
255 
255 
255 
255 
255 
255 
255 
255 
255 
255 
255 
255 
255 
255 
255 
255 
255 
255 
255 
255 
255 
255 
255 
255 
255 
255 
255 
255 
255 
255 
255 
255 
255 
255 
255 
255 
255 
255 
255 
255 
255 
255 
255 
255 
255 
255 
255 
255 
255 
255 
255 
255 
255 
255 
255 
255 
255 
255 
255 
255 
255 
255 
255 
255 
255 
255 
255 
255 
255 
255 
255 
255 
255 
255 
255 
255 
255 
255 
255 
255 
255 
255 
255 
255 
255 
255 
255 
255 
255 
255 
255 
255 
255 
255 
255 
255 
255 
255 
255 
255 
255 
255 
255 
255 
255 
255 
255 
255 
255 
255 
255 
255 
255 
255 
255 
255 
255 
255 
255 
255 
255 
255 
255 
255 
255 
255 
255 
255 
255 
255 
255 
255 
255 
255 
255 
255 
255 
255 
255 
255 
255 
255 
255 
255 
255 
255 
255 
255 
255 
255 
255 
255 
255 
255 
255 
255 
255 
255 
255 
255 
255 
255 
255 
255 
255 
255 
255 
255 
255 
255 
255 
255 
255 
255 
255 
255 
255 
255 
255 
255 
255 
255 
255 
255 
255 
255 
255 
255 
255 
255 
255 
255 
255 
255 
255 
255 
255 
255 
255 
255 
255 
255 
255 
255 
255 
255 
255 
255 
255 
255 
255 
255 
255 
255 
255 
255 
255 
255 
255 
255 
255 
255 
255 
255 
255 
255 
255 
255 
255 
255 
255 
255 
255 
255 
255 
255 
255 
255 
255 
255 
255 
255 
255 
255 
255 
255 
255 
255 
255 
255 
255 
255 
255 
255 
255 
255 
255 
255 
255 
255 
255 
255 
255 
255 
255 
255 
255 
255 
255 
255 
255 
255 
255 
255 
255 
255 
255 
255 
255 
255 
255 
255 
255 
255 
255 
255 
255 
255 
255 
255 
255 
255 
255 
255 
255 
255 
255 
255 
255 
255 
255 
255 
255 
255 
255 
255 
