252 
248 
245 
241 
234 
228 
222 
208 
197 
182 
158 
135 
105 
69 
38 
13 
26 
107 
213 
287 
321 
306 
242 
197 
157 
119 
85 
59 
38 
23 
16 
12 
12 
15 
28 
32 
38 
42 
47 
51 
56 
58 
62 
65 
66 
68 
66 
64 
62 
58 
57 
54 
52 
51 
49 
46 
45 
44 
44 
41 
39 
38 
37 
35 
34 
33 
32 
31 
29 
29 
28 
27 
26 
25 
25 
25 
24 
23 
23 
22 
22 
22 
22 
22 
22 
21 
21 
21 
21 
21 
21 
21 
21 
22 
21 
22 
22 
22 
31 
31 
32 
32 
32 
34 
34 
34 
34 
36 
35 
37 
37 
38 
39 
39 
41 
42 
42 
44 
45 
47 
47 
47 
47 
48 
50 
51 
52 
54 
55 
56 
66 
66 
67 
68 
70 
72 
73 
75 
75 
76 
77 
79 
80 
83 
85 
87 
87 
88 
90 
92 
94 
96 
96 
99 
99 
101 
103 
105 
106 
108 
109 
112 
118 
121 
123 
125 
125 
128 
130 
132 
132 
136 
138 
138 
140 
143 
145 
147 
147 
150 
152 
155 
157 
158 
160 
163 
163 
166 
169 
171 
171 
175 
177 
180 
180 
184 
186 
189 
191 
192 
195 
197 
197 
201 
204 
206 
208 
209 
212 
214 
217 
218 
221 
223 
226 
227 
230 
232 
235 
236 
239 
242 
244 
248 
248 
251 
254 
257 
257 
260 
262 
266 
269 
271 
274 
278 
280 
283 
285 
290 
292 
295 
297 
301 
303 
306 
308 
312 
314 
317 
319 
323 
325 
328 
330 
334 
337 
339 
341 
345 
347 
350 
352 
355 
357 
359 
362 
365 
367 
369 
372 
375 
378 
379 
381 
384 
387 
389 
390 
393 
395 
397 
399 
403 
405 
406 
408 
411 
412 
414 
409 
411 
413 
414 
416 
418 
420 
421 
423 
425 
427 
428 
429 
431 
432 
433 
434 
436 
437 
438 
439 
442 
443 
444 
445 
446 
447 
448 
448 
450 
450 
452 
453 
453 
454 
455 
455 
456 
456 
457 
457 
457 
458 
458 
458 
459 
459 
459 
459 
459 
459 
459 
459 
459 
459 
459 
459 
459 
458 
458 
458 
457 
457 
457 
447 
447 
446 
446 
445 
444 
444 
443 
443 
442 
441 
439 
438 
437 
436 
435 
434 
433 
432 
431 
430 
429 
427 
427 
426 
424 
423 
421 
420 
417 
416 
415 
407 
405 
404 
402 
401 
398 
397 
395 
393 
391 
390 
388 
387 
384 
383 
381 
379 
377 
375 
373 
372 
369 
366 
365 
363 
360 
358 
357 
355 
352 
350 
348 
342 
339 
338 
336 
334 
330 
328 
326 
324 
321 
319 
317 
315 
312 
310 
308 
306 
303 
301 
299 
297 
294 
292 
290 
288 
284 
281 
279 
277 
274 
272 
270 
268 
265 
262 
260 
258 
255 
251 
249 
246 
243 
241 
239 
237 
234 
230 
227 
225 
222 
220 
218 
216 
213 
209 
207 
205 
203 
201 
199 
196 
194 
192 
188 
189 
186 
184 
182 
181 
178 
176 
174 
171 
168 
167 
165 
163 
161 
159 
157 
156 
153 
150 
149 
148 
146 
144 
143 
140 
139 
138 
137 
135 
133 
131 
129 
128 
126 
125 
123 
122 
120 
119 
118 
117 
116 
115 
113 
112 
111 
110 
109 
109 
107 
107 
106 
104 
104 
103 
102 
102 
101 
100 
99 
99 
98 
98 
97 
103 
103 
102 
102 
102 
101 
101 
101 
101 
100 
100 
100 
100 
100 
100 
100 
100 
99 
100 
100 
100 
100 
101 
101 
101 
102 
102 
102 
102 
103 
103 
103 
104 
105 
105 
106 
107 
107 
108 
109 
109 
109 
109 
110 
111 
112 
113 
114 
114 
116 
116 
117 
118 
120 
121 
122 
123 
124 
125 
126 
128 
129 
129 
131 
137 
139 
140 
141 
142 
144 
145 
146 
147 
149 
150 
151 
151 
153 
155 
156 
158 
160 
161 
163 
164 
166 
168 
169 
169 
172 
173 
175 
176 
179 
180 
182 
187 
189 
191 
191 
192 
195 
195 
197 
200 
202 
204 
204 
206 
207 
209 
210 
212 
215 
216 
218 
220 
222 
224 
224 
226 
228 
230 
232 
234 
236 
238 
240 
241 
243 
245 
247 
248 
251 
253 
254 
256 
257 
258 
260 
262 
264 
266 
268 
270 
272 
274 
275 
277 
280 
281 
283 
286 
288 
290 
292 
293 
296 
297 
299 
301 
303 
305 
306 
308 
310 
312 
313 
315 
317 
319 
320 
322 
324 
326 
327 
328 
331 
332 
334 
336 
338 
339 
341 
342 
344 
346 
347 
348 
350 
351 
353 
350 
352 
353 
354 
355 
357 
358 
359 
360 
361 
362 
363 
364 
366 
368 
368 
369 
371 
372 
373 
373 
375 
376 
376 
377 
378 
379 
379 
380 
381 
382 
382 
383 
384 
384 
385 
385 
386 
387 
387 
388 
388 
389 
389 
389 
390 
390 
390 
390 
391 
391 
391 
393 
392 
392 
392 
392 
392 
392 
392 
392 
392 
392 
392 
386 
385 
385 
385 
385 
385 
384 
384 
384 
383 
383 
383 
382 
382 
381 
381 
380 
380 
379 
379 
378 
378 
377 
376 
376 
375 
374 
373 
373 
372 
371 
370 
368 
367 
366 
365 
365 
363 
363 
362 
361 
359 
358 
357 
357 
355 
354 
353 
352 
350 
349 
348 
347 
345 
344 
343 
342 
340 
339 
338 
336 
334 
332 
331 
327 
325 
324 
322 
321 
319 
318 
316 
315 
313 
312 
310 
309 
307 
306 
304 
303 
301 
300 
298 
297 
294 
293 
292 
290 
288 
287 
284 
283 
280 
279 
278 
275 
273 
272 
270 
269 
267 
265 
264 
262 
260 
259 
257 
256 
252 
251 
249 
248 
246 
244 
243 
242 
239 
237 
235 
234 
232 
230 
229 
227 
225 
223 
221 
221 
219 
218 
217 
215 
214 
211 
210 
208 
207 
205 
205 
204 
202 
201 
199 
197 
195 
195 
193 
192 
191 
189 
188 
187 
186 
184 
182 
181 
180 
179 
178 
177 
175 
175 
174 
173 
170 
170 
169 
168 
167 
166 
165 
164 
163 
162 
162 
161 
160 
158 
158 
157 
156 
156 
155 
155 
154 
153 
153 
152 
151 
151 
150 
155 
154 
153 
153 
153 
152 
152 
151 
151 
151 
151 
150 
150 
150 
150 
150 
149 
149 
149 
149 
149 
149 
149 
149 
149 
149 
149 
149 
149 
149 
149 
149 
149 
149 
149 
149 
150 
150 
150 
150 
150 
151 
151 
151 
151 
152 
152 
153 
153 
153 
154 
154 
155 
155 
156 
156 
156 
157 
158 
158 
159 
160 
160 
161 
165 
166 
167 
167 
168 
169 
170 
170 
171 
172 
173 
174 
174 
176 
176 
177 
178 
179 
180 
181 
182 
183 
184 
185 
186 
187 
188 
189 
190 
191 
192 
194 
195 
196 
197 
198 
198 
201 
202 
203 
204 
205 
206 
207 
208 
209 
211 
212 
213 
215 
216 
217 
218 
220 
221 
222 
224 
225 
227 
228 
229 
231 
232 
233 
235 
237 
238 
240 
241 
243 
244 
245 
246 
248 
249 
250 
252 
253 
255 
256 
257 
259 
260 
261 
262 
264 
265 
267 
268 
270 
271 
272 
273 
275 
276 
277 
278 
279 
280 
281 
283 
284 
285 
287 
289 
290 
291 
292 
293 
295 
296 
297 
298 
300 
301 
302 
303 
304 
305 
306 
307 
309 
310 
311 
312 
313 
314 
315 
313 
314 
315 
316 
317 
318 
319 
320 
321 
322 
322 
323 
324 
325 
326 
327 
327 
328 
329 
330 
330 
331 
333 
332 
334 
335 
335 
336 
337 
337 
338 
338 
339 
339 
340 
340 
341 
341 
342 
342 
343 
343 
344 
344 
344 
345 
345 
345 
345 
346 
346 
346 
346 
347 
347 
347 
347 
347 
348 
348 
348 
348 
348 
348 
344 
344 
344 
344 
344 
344 
344 
344 
344 
343 
343 
343 
343 
343 
342 
342 
342 
342 
341 
341 
341 
341 
340 
340 
339 
339 
339 
338 
338 
337 
337 
336 
336 
335 
335 
334 
334 
332 
332 
331 
331 
330 
329 
329 
328 
327 
327 
326 
325 
324 
324 
323 
322 
321 
320 
320 
319 
318 
317 
316 
316 
314 
314 
313 
310 
308 
308 
307 
306 
305 
304 
303 
302 
301 
300 
299 
298 
297 
296 
295 
294 
293 
292 
291 
290 
289 
288 
287 
286 
285 
284 
282 
281 
279 
278 
277 
276 
275 
274 
273 
272 
270 
269 
268 
267 
266 
265 
264 
263 
261 
260 
259 
258 
257 
256 
255 
254 
252 
251 
250 
249 
248 
247 
246 
245 
243 
242 
241 
241 
239 
238 
237 
236 
235 
234 
233 
232 
231 
230 
229 
228 
227 
226 
225 
224 
223 
222 
221 
220 
219 
218 
217 
216 
215 
214 
213 
212 
211 
210 
210 
211 
210 
209 
208 
208 
206 
206 
205 
204 
204 
203 
203 
202 
201 
201 
200 
200 
199 
198 
197 
196 
195 
195 
195 
194 
194 
193 
192 
192 
191 
191 
190 
193 
192 
192 
190 
191 
190 
190 
190 
189 
189 
188 
188 
188 
187 
187 
187 
187 
185 
186 
186 
186 
185 
185 
185 
185 
185 
185 
184 
184 
184 
184 
184 
184 
184 
184 
184 
184 
184 
184 
184 
184 
184 
184 
184 
184 
184 
185 
185 
185 
185 
185 
185 
186 
186 
186 
186 
186 
187 
187 
187 
188 
188 
188 
189 
192 
192 
193 
193 
194 
194 
194 
195 
195 
196 
195 
197 
197 
198 
198 
198 
199 
200 
200 
201 
201 
202 
203 
203 
203 
205 
205 
205 
205 
206 
207 
208 
208 
209 
210 
210 
211 
212 
213 
214 
214 
215 
216 
217 
217 
218 
219 
220 
221 
222 
223 
223 
224 
225 
226 
227 
227 
229 
229 
230 
231 
232 
233 
234 
236 
237 
238 
238 
239 
240 
241 
242 
243 
244 
245 
246 
246 
248 
248 
249 
250 
251 
252 
253 
254 
255 
256 
257 
257 
259 
259 
260 
261 
262 
263 
264 
265 
266 
267 
268 
268 
270 
270 
271 
272 
273 
274 
275 
275 
277 
277 
278 
279 
280 
281 
282 
282 
283 
284 
286 
287 
288 
289 
289 
289 
291 
292 
292 
292 
292 
293 
294 
294 
295 
296 
297 
297 
298 
299 
299 
300 
301 
301 
302 
302 
303 
304 
304 
305 
305 
306 
306 
307 
308 
308 
309 
309 
310 
310 
310 
309 
309 
310 
310 
310 
311 
311 
312 
312 
312 
313 
313 
313 
314 
314 
314 
314 
315 
315 
315 
315 
316 
316 
316 
316 
316 
316 
317 
317 
317 
317 
317 
315 
315 
315 
315 
315 
315 
315 
315 
315 
315 
315 
315 
315 
315 
315 
315 
315 
315 
314 
314 
314 
314 
314 
314 
314 
313 
313 
313 
313 
312 
312 
312 
312 
312 
311 
311 
311 
310 
310 
310 
309 
309 
309 
308 
308 
307 
307 
307 
306 
306 
305 
305 
304 
304 
303 
303 
303 
302 
301 
301 
300 
300 
299 
299 
296 
296 
295 
295 
294 
294 
293 
292 
292 
291 
291 
290 
289 
289 
288 
287 
287 
285 
284 
284 
283 
282 
282 
281 
281 
280 
279 
278 
278 
277 
276 
276 
275 
274 
273 
273 
272 
271 
270 
270 
269 
268 
267 
267 
266 
265 
264 
264 
263 
262 
261 
260 
260 
259 
258 
257 
257 
256 
255 
254 
254 
253 
252 
251 
251 
250 
249 
248 
248 
247 
246 
246 
245 
244 
243 
243 
242 
241 
240 
240 
239 
238 
238 
237 
236 
235 
235 
234 
234 
233 
232 
231 
231 
230 
229 
229 
228 
227 
227 
226 
226 
225 
224 
224 
223 
223 
222 
222 
221 
220 
220 
219 
219 
218 
218 
217 
217 
216 
216 
215 
215 
214 
214 
213 
213 
212 
212 
212 
213 
212 
212 
212 
211 
211 
211 
210 
210 
210 
209 
209 
209 
208 
208 
208 
208 
207 
207 
207 
207 
206 
206 
206 
206 
206 
205 
205 
206 
205 
205 
206 
207 
207 
207 
207 
207 
207 
206 
206 
207 
206 
207 
207 
206 
206 
206 
206 
206 
207 
207 
207 
207 
207 
207 
207 
207 
207 
207 
207 
208 
208 
208 
208 
210 
210 
211 
211 
211 
211 
212 
212 
212 
212 
213 
213 
213 
213 
214 
214 
214 
215 
215 
215 
216 
216 
216 
217 
217 
218 
218 
218 
219 
219 
220 
220 
220 
221 
221 
222 
222 
223 
223 
223 
224 
225 
225 
226 
226 
227 
227 
228 
228 
229 
229 
230 
230 
231 
231 
232 
232 
233 
234 
234 
235 
235 
236 
237 
238 
239 
239 
240 
240 
241 
241 
242 
243 
243 
244 
244 
245 
246 
246 
247 
247 
248 
249 
249 
250 
251 
251 
252 
252 
253 
254 
254 
255 
256 
256 
257 
257 
258 
259 
259 
260 
261 
261 
262 
262 
263 
264 
264 
265 
266 
266 
267 
267 
268 
268 
269 
270 
270 
271 
271 
272 
273 
273 
274 
274 
275 
275 
276 
276 
276 
277 
277 
278 
278 
279 
279 
280 
280 
281 
281 
282 
282 
283 
283 
283 
284 
284 
286 
286 
287 
287 
288 
288 
288 
289 
289 
289 
290 
290 
291 
291 
292 
292 
292 
292 
293 
293 
293 
294 
294 
294 
295 
295 
295 
295 
296 
296 
296 
296 
297 
297 
297 
297 
297 
298 
298 
298 
298 
298 
298 
299 
299 
297 
297 
297 
297 
297 
298 
298 
298 
298 
298 
298 
298 
298 
298 
298 
298 
298 
298 
298 
298 
298 
298 
298 
298 
298 
297 
297 
297 
297 
297 
297 
297 
295 
295 
295 
295 
294 
294 
294 
294 
294 
294 
293 
293 
293 
293 
292 
292 
292 
292 
292 
291 
291 
291 
290 
290 
290 
290 
289 
289 
289 
288 
288 
288 
286 
286 
284 
284 
284 
283 
283 
283 
282 
282 
281 
281 
281 
280 
280 
280 
279 
279 
278 
278 
277 
277 
276 
276 
276 
275 
275 
274 
274 
273 
273 
272 
272 
271 
271 
271 
270 
269 
269 
269 
268 
268 
267 
267 
266 
266 
265 
265 
264 
263 
263 
263 
262 
261 
261 
260 
260 
259 
259 
258 
258 
257 
257 
256 
256 
255 
255 
254 
254 
253 
253 
252 
252 
251 
251 
250 
250 
249 
249 
248 
248 
247 
247 
246 
246 
245 
245 
244 
244 
243 
243 
243 
242 
241 
241 
241 
240 
240 
239 
239 
238 
238 
237 
237 
237 
236 
236 
235 
235 
234 
234 
234 
233 
233 
232 
232 
232 
231 
231 
231 
230 
230 
230 
229 
229 
229 
228 
228 
229 
228 
228 
228 
228 
227 
227 
227 
226 
226 
226 
226 
226 
225 
225 
225 
225 
224 
224 
224 
224 
223 
223 
223 
223 
223 
223 
223 
222 
222 
222 
222 
222 
222 
222 
221 
221 
221 
221 
221 
221 
221 
221 
221 
221 
221 
221 
221 
221 
221 
221 
221 
221 
221 
221 
221 
221 
221 
221 
221 
221 
221 
221 
221 
223 
223 
223 
223 
223 
223 
223 
223 
224 
224 
224 
224 
224 
224 
225 
225 
225 
225 
225 
226 
226 
226 
226 
226 
227 
227 
227 
227 
227 
228 
228 
228 
230 
230 
231 
232 
233 
233 
234 
235 
236 
236 
237 
237 
238 
239 
240 
241 
242 
242 
243 
243 
244 
244 
245 
245 
246 
246 
246 
247 
247 
248 
248 
249 
249 
249 
250 
250 
250 
250 
251 
251 
251 
251 
252 
252 
252 
252 
253 
253 
253 
253 
253 
254 
254 
254 
254 
254 
254 
254 
255 
255 
255 
255 
255 
255 
255 
255 
255 
255 
255 
256 
256 
256 
256 
256 
256 
256 
256 
256 
256 
256 
256 
256 
256 
256 
256 
256 
256 
256 
256 
256 
256 
256 
256 
256 
256 
256 
256 
256 
256 
256 
256 
256 
256 
256 
256 
256 
256 
256 
256 
256 
256 
256 
256 
256 
256 
256 
256 
256 
256 
256 
256 
256 
256 
256 
256 
255 
255 
255 
255 
255 
255 
255 
255 
255 
255 
255 
255 
255 
255 
255 
255 
255 
255 
255 
255 
255 
255 
255 
255 
255 
255 
255 
255 
255 
255 
255 
255 
255 
255 
255 
255 
255 
255 
255 
255 
255 
255 
255 
255 
255 
255 
255 
255 
255 
255 
255 
255 
255 
255 
255 
255 
255 
255 
255 
255 
255 
255 
255 
255 
255 
255 
255 
255 
255 
255 
255 
255 
255 
255 
255 
255 
255 
255 
255 
255 
255 
255 
255 
255 
255 
255 
255 
255 
255 
255 
255 
255 
255 
255 
255 
255 
255 
255 
255 
255 
255 
255 
255 
255 
255 
255 
255 
255 
255 
255 
255 
255 
255 
255 
255 
255 
255 
255 
255 
255 
255 
255 
255 
255 
255 
255 
255 
255 
255 
255 
255 
255 
255 
255 
255 
255 
255 
255 
255 
255 
255 
255 
255 
255 
255 
255 
255 
255 
255 
255 
255 
255 
255 
255 
255 
255 
255 
255 
255 
255 
255 
255 
255 
255 
255 
255 
255 
255 
255 
255 
255 
255 
255 
255 
255 
255 
255 
255 
255 
255 
255 
255 
255 
255 
255 
255 
255 
255 
255 
255 
255 
255 
255 
255 
255 
255 
255 
255 
255 
255 
255 
255 
255 
255 
255 
255 
255 
255 
255 
255 
255 
255 
255 
255 
255 
255 
255 
255 
255 
255 
255 
255 
255 
255 
255 
255 
255 
255 
255 
255 
255 
255 
255 
255 
255 
255 
255 
255 
255 
255 
255 
255 
255 
255 
255 
255 
255 
255 
255 
255 
255 
255 
255 
255 
255 
255 
255 
255 
255 
255 
255 
255 
255 
255 
255 
255 
255 
255 
255 
255 
255 
255 
255 
255 
255 
255 
255 
255 
255 
255 
255 
255 
255 
255 
255 
255 
255 
255 
255 
255 
255 
255 
255 
255 
255 
255 
255 
255 
255 
255 
255 
255 
255 
255 
255 
255 
255 
255 
255 
255 
255 
255 
255 
255 
255 
255 
255 
255 
255 
255 
255 
255 
255 
255 
255 
255 
255 
255 
255 
255 
255 
255 
255 
255 
255 
255 
255 
255 
255 
255 
255 
255 
255 
255 
255 
255 
255 
255 
255 
255 
255 
255 
255 
255 
255 
255 
255 
255 
255 
255 
255 
255 
255 
255 
255 
255 
255 
255 
255 
255 
255 
255 
255 
255 
255 
255 
255 
255 
255 
255 
255 
255 
255 
255 
255 
255 
255 
255 
255 
255 
255 
255 
255 
255 
255 
255 
255 
255 
255 
255 
255 
255 
255 
255 
255 
255 
255 
255 
255 
255 
255 
255 
255 
255 
255 
255 
255 
255 
255 
255 
255 
255 
255 
255 
255 
255 
255 
255 
255 
255 
255 
255 
255 
255 
255 
255 
255 
255 
255 
255 
255 
255 
255 
255 
255 
255 
255 
255 
255 
255 
255 
255 
255 
255 
255 
255 
255 
255 
255 
255 
255 
255 
255 
255 
255 
255 
255 
255 
255 
255 
255 
255 
255 
255 
255 
255 
255 
255 
255 
255 
255 
255 
255 
255 
255 
255 
255 
255 
255 
255 
255 
255 
255 
255 
255 
255 
255 
255 
255 
255 
255 
255 
255 
255 
255 
255 
255 
255 
255 
255 
255 
255 
255 
255 
255 
255 
255 
255 
255 
255 
255 
255 
255 
255 
255 
255 
255 
255 
255 
255 
255 
255 
255 
255 
255 
255 
255 
255 
255 
255 
255 
255 
255 
255 
255 
255 
255 
255 
255 
255 
255 
255 
255 
255 
255 
255 
255 
255 
255 
255 
255 
255 
255 
255 
255 
255 
255 
255 
255 
255 
255 
255 
255 
255 
255 
255 
255 
255 
255 
255 
255 
255 
255 
255 
255 
255 
255 
255 
255 
255 
255 
255 
255 
255 
255 
255 
255 
255 
255 
255 
255 
255 
255 
255 
255 
255 
255 
255 
255 
255 
255 
255 
255 
255 
255 
255 
255 
255 
255 
255 
255 
255 
255 
255 
255 
255 
255 
255 
255 
255 
255 
255 
255 
255 
255 
255 
255 
255 
255 
255 
255 
255 
255 
255 
255 
255 
255 
255 
255 
255 
255 
255 
255 
255 
255 
255 
255 
255 
255 
255 
255 
255 
255 
255 
255 
255 
255 
255 
255 
255 
255 
255 
255 
255 
255 
255 
255 
255 
255 
255 
255 
255 
255 
255 
255 
255 
255 
255 
255 
255 
255 
255 
255 
255 
255 
255 
255 
255 
255 
255 
255 
255 
255 
255 
255 
255 
255 
255 
255 
255 
255 
255 
255 
255 
255 
255 
255 
255 
255 
255 
255 
255 
255 
255 
255 
255 
255 
255 
255 
255 
255 
255 
255 
255 
255 
255 
255 
255 
255 
255 
255 
255 
255 
255 
255 
255 
255 
255 
255 
255 
255 
255 
255 
255 
255 
255 
255 
255 
255 
255 
255 
255 
255 
255 
255 
255 
255 
255 
255 
255 
255 
255 
255 
255 
255 
255 
255 
255 
255 
255 
255 
255 
255 
255 
255 
255 
255 
255 
255 
255 
255 
255 
255 
255 
255 
255 
255 
255 
255 
255 
255 
255 
255 
255 
255 
255 
255 
255 
255 
255 
255 
255 
255 
255 
255 
255 
255 
255 
255 
255 
255 
255 
255 
255 
255 
255 
255 
255 
255 
255 
255 
255 
255 
255 
255 
255 
255 
255 
255 
255 
255 
255 
255 
255 
255 
255 
255 
255 
255 
255 
255 
255 
255 
255 
255 
255 
255 
255 
255 
255 
255 
255 
255 
255 
255 
255 
255 
255 
255 
255 
255 
255 
255 
255 
255 
255 
255 
255 
255 
255 
255 
255 
255 
255 
255 
255 
255 
255 
255 
255 
255 
255 
255 
255 
255 
255 
255 
255 
255 
255 
255 
255 
255 
255 
255 
255 
255 
255 
255 
255 
255 
255 
255 
255 
255 
255 
255 
255 
255 
255 
255 
255 
255 
255 
255 
255 
255 
255 
255 
255 
255 
255 
255 
255 
255 
255 
255 
255 
255 
255 
255 
255 
255 
255 
255 
255 
255 
255 
255 
255 
255 
255 
255 
255 
255 
255 
255 
255 
255 
255 
255 
255 
255 
255 
255 
255 
255 
255 
255 
255 
255 
255 
255 
255 
255 
255 
255 
255 
255 
255 
255 
255 
255 
255 
255 
255 
255 
255 
255 
255 
255 
255 
255 
255 
255 
255 
255 
255 
255 
255 
255 
255 
255 
255 
255 
255 
255 
255 
255 
255 
255 
255 
255 
255 
255 
255 
255 
255 
255 
255 
255 
255 
255 
255 
255 
255 
255 
255 
255 
255 
255 
255 
255 
255 
255 
255 
255 
255 
255 
255 
255 
255 
255 
255 
255 
255 
255 
255 
255 
255 
255 
255 
255 
255 
255 
255 
255 
255 
255 
255 
255 
255 
255 
255 
255 
255 
255 
255 
255 
255 
255 
255 
255 
255 
255 
255 
255 
255 
255 
255 
255 
255 
255 
255 
255 
255 
255 
255 
255 
255 
255 
255 
255 
255 
255 
255 
255 
255 
255 
255 
255 
255 
255 
255 
255 
255 
255 
255 
255 
255 
255 
255 
255 
255 
255 
255 
255 
255 
255 
255 
255 
255 
255 
255 
255 
255 
255 
255 
255 
255 
255 
255 
255 
255 
255 
255 
255 
255 
255 
255 
255 
255 
255 
255 
255 
255 
255 
255 
255 
255 
255 
255 
255 
255 
255 
255 
255 
255 
255 
255 
255 
255 
255 
255 
255 
255 
255 
255 
255 
255 
255 
255 
255 
255 
255 
255 
255 
255 
255 
255 
255 
255 
255 
255 
255 
255 
255 
255 
255 
255 
255 
255 
255 
255 
255 
255 
255 
255 
255 
255 
255 
255 
255 
255 
255 
255 
255 
255 
255 
255 
255 
255 
255 
255 
255 
255 
255 
255 
255 
255 
255 
255 
255 
255 
255 
255 
255 
255 
255 
255 
255 
255 
255 
255 
255 
255 
255 
255 
255 
255 
255 
255 
255 
255 
255 
255 
255 
255 
255 
255 
255 
255 
255 
255 
255 
255 
255 
255 
255 
255 
255 
255 
255 
255 
255 
255 
255 
255 
255 
255 
255 
255 
255 
255 
255 
255 
255 
255 
255 
255 
255 
255 
255 
255 
255 
255 
255 
255 
255 
255 
255 
255 
255 
255 
255 
255 
255 
255 
255 
255 
255 
255 
255 
255 
255 
255 
255 
255 
255 
255 
255 
255 
255 
255 
255 
255 
255 
255 
255 
255 
255 
255 
255 
255 
255 
255 
255 
255 
255 
255 
255 
255 
255 
255 
255 
255 
255 
255 
255 
255 
255 
255 
255 
255 
255 
255 
255 
255 
255 
255 
255 
255 
255 
255 
255 
255 
255 
255 
255 
255 
255 
255 
255 
255 
255 
255 
255 
255 
255 
255 
255 
255 
255 
255 
255 
255 
255 
255 
255 
255 
255 
255 
255 
255 
255 
255 
255 
255 
255 
255 
255 
255 
255 
255 
255 
255 
255 
255 
255 
255 
255 
255 
255 
255 
255 
255 
255 
255 
255 
255 
255 
255 
255 
255 
255 
255 
255 
255 
255 
255 
255 
255 
255 
255 
255 
255 
255 
255 
255 
255 
255 
255 
255 
255 
255 
255 
255 
255 
255 
255 
255 
255 
255 
255 
255 
255 
255 
255 
255 
255 
255 
255 
255 
255 
255 
255 
255 
255 
255 
255 
255 
255 
255 
255 
255 
255 
255 
255 
255 
255 
255 
255 
255 
255 
255 
255 
255 
255 
255 
255 
255 
255 
255 
255 
255 
255 
255 
255 
255 
255 
255 
255 
255 
255 
255 
255 
255 
255 
255 
255 
255 
255 
255 
255 
255 
255 
255 
255 
255 
255 
255 
255 
255 
255 
255 
255 
255 
255 
255 
255 
255 
255 
255 
255 
255 
255 
255 
255 
255 
255 
255 
255 
255 
255 
255 
255 
255 
255 
255 
255 
255 
255 
255 
255 
255 
255 
255 
255 
255 
255 
255 
255 
255 
255 
255 
255 
255 
255 
255 
255 
255 
255 
255 
255 
255 
255 
255 
255 
255 
255 
255 
255 
255 
255 
255 
255 
255 
255 
255 
255 
255 
255 
255 
255 
255 
255 
255 
255 
255 
255 
255 
255 
255 
255 
255 
255 
255 
255 
255 
255 
255 
255 
255 
255 
255 
255 
255 
255 
255 
255 
255 
255 
255 
255 
255 
255 
255 
255 
255 
255 
255 
255 
255 
255 
255 
255 
255 
255 
255 
255 
255 
255 
255 
255 
255 
255 
255 
255 
255 
255 
255 
255 
255 
255 
255 
255 
255 
255 
255 
255 
255 
255 
255 
255 
255 
255 
255 
255 
255 
255 
255 
255 
255 
255 
255 
255 
255 
255 
255 
255 
255 
255 
255 
255 
255 
255 
255 
255 
255 
255 
255 
255 
255 
255 
255 
255 
255 
255 
255 
255 
255 
255 
255 
255 
255 
255 
255 
255 
255 
255 
255 
255 
255 
255 
255 
255 
255 
255 
255 
255 
255 
255 
255 
255 
255 
255 
255 
255 
255 
255 
255 
255 
255 
255 
255 
255 
255 
255 
255 
255 
255 
255 
255 
255 
255 
255 
255 
255 
255 
255 
255 
255 
255 
255 
255 
255 
255 
255 
255 
255 
255 
255 
255 
255 
255 
255 
255 
255 
255 
255 
255 
255 
255 
255 
255 
255 
255 
255 
255 
255 
255 
255 
255 
255 
255 
255 
255 
255 
255 
255 
255 
255 
255 
255 
255 
255 
255 
255 
255 
255 
255 
255 
255 
255 
255 
255 
255 
255 
255 
255 
255 
255 
255 
255 
255 
255 
255 
255 
255 
255 
255 
255 
255 
255 
255 
255 
255 
255 
255 
255 
255 
255 
255 
255 
255 
255 
255 
255 
255 
255 
255 
255 
255 
255 
255 
255 
255 
255 
255 
255 
255 
255 
255 
255 
255 
255 
255 
255 
255 
255 
255 
255 
255 
255 
255 
255 
255 
255 
255 
255 
255 
255 
255 
255 
255 
255 
255 
255 
255 
255 
255 
255 
255 
255 
255 
255 
255 
255 
255 
255 
255 
255 
255 
255 
255 
255 
255 
255 
255 
255 
255 
255 
255 
255 
255 
255 
255 
255 
255 
255 
255 
255 
255 
255 
255 
255 
255 
255 
255 
255 
255 
255 
255 
255 
255 
255 
255 
255 
255 
255 
255 
255 
255 
255 
255 
255 
255 
255 
255 
255 
255 
255 
255 
255 
255 
255 
255 
255 
255 
255 
255 
255 
255 
255 
255 
255 
255 
255 
255 
255 
255 
255 
255 
255 
255 
255 
255 
255 
255 
255 
255 
255 
255 
255 
255 
255 
255 
255 
255 
255 
255 
255 
255 
255 
255 
255 
255 
255 
255 
255 
255 
255 
255 
255 
255 
255 
255 
255 
255 
255 
255 
255 
255 
255 
255 
255 
255 
255 
255 
255 
255 
255 
255 
255 
255 
255 
255 
255 
255 
255 
255 
255 
255 
255 
255 
255 
255 
255 
255 
255 
255 
255 
255 
255 
255 
255 
255 
255 
255 
255 
255 
255 
255 
255 
255 
255 
255 
255 
255 
255 
255 
255 
255 
255 
255 
255 
255 
255 
255 
255 
255 
255 
255 
255 
255 
255 
255 
255 
255 
255 
255 
255 
255 
255 
255 
255 
255 
255 
255 
255 
255 
255 
255 
255 
255 
255 
255 
255 
255 
255 
255 
255 
255 
255 
255 
255 
255 
255 
255 
255 
255 
255 
255 
255 
255 
255 
255 
255 
255 
255 
255 
255 
255 
255 
255 
255 
255 
255 
255 
255 
255 
255 
255 
255 
255 
255 
255 
255 
255 
255 
255 
255 
255 
255 
255 
255 
255 
255 
255 
255 
255 
255 
255 
255 
255 
255 
255 
255 
255 
255 
255 
255 
255 
255 
255 
255 
255 
255 
255 
255 
255 
255 
255 
255 
255 
255 
255 
255 
255 
255 
255 
255 
255 
255 
255 
255 
255 
255 
255 
255 
255 
255 
255 
255 
255 
255 
255 
255 
255 
255 
255 
255 
255 
255 
255 
255 
255 
255 
255 
255 
255 
255 
255 
255 
255 
255 
255 
255 
255 
255 
255 
255 
255 
255 
255 
255 
255 
255 
255 
255 
255 
255 
255 
255 
255 
255 
255 
255 
255 
255 
255 
255 
255 
255 
255 
255 
255 
255 
255 
255 
255 
255 
255 
255 
255 
255 
255 
255 
255 
255 
255 
255 
255 
255 
255 
255 
255 
255 
255 
255 
255 
255 
255 
255 
255 
255 
255 
255 
255 
255 
255 
255 
255 
255 
255 
255 
255 
255 
255 
255 
255 
255 
255 
255 
255 
255 
255 
255 
255 
255 
255 
255 
255 
255 
255 
255 
255 
255 
255 
255 
255 
255 
255 
255 
255 
255 
255 
255 
255 
255 
255 
255 
255 
255 
255 
255 
255 
255 
255 
255 
255 
255 
255 
255 
255 
255 
255 
255 
255 
255 
255 
255 
255 
255 
255 
255 
255 
255 
255 
255 
255 
255 
255 
255 
255 
255 
255 
255 
255 
255 
255 
255 
255 
255 
255 
255 
255 
255 
255 
255 
255 
255 
255 
255 
255 
255 
255 
255 
255 
255 
255 
255 
255 
255 
255 
255 
255 
255 
255 
255 
255 
255 
255 
255 
255 
255 
255 
255 
255 
255 
255 
255 
255 
255 
255 
255 
255 
255 
255 
255 
255 
255 
255 
255 
255 
255 
255 
255 
255 
255 
255 
255 
255 
255 
255 
255 
255 
255 
255 
255 
255 
255 
255 
255 
255 
255 
255 
255 
255 
255 
255 
255 
255 
255 
255 
255 
255 
255 
255 
255 
255 
255 
255 
255 
255 
255 
255 
255 
255 
255 
255 
255 
255 
255 
255 
255 
255 
255 
255 
255 
255 
255 
255 
255 
255 
255 
255 
255 
255 
255 
255 
255 
255 
255 
255 
255 
255 
255 
255 
255 
255 
255 
255 
255 
255 
255 
255 
255 
255 
255 
255 
255 
255 
255 
255 
255 
255 
255 
255 
255 
255 
255 
255 
255 
255 
255 
255 
255 
255 
255 
255 
255 
255 
255 
255 
255 
255 
255 
255 
255 
255 
255 
255 
255 
255 
255 
255 
255 
255 
255 
255 
255 
255 
255 
255 
255 
255 
255 
255 
255 
255 
255 
255 
255 
255 
255 
255 
255 
255 
255 
255 
255 
255 
255 
255 
255 
255 
255 
255 
255 
255 
255 
255 
255 
255 
255 
255 
255 
255 
255 
255 
255 
255 
255 
255 
255 
255 
255 
255 
255 
255 
255 
255 
255 
255 
255 
255 
255 
255 
255 
255 
255 
255 
255 
255 
255 
255 
255 
255 
255 
255 
255 
255 
255 
255 
255 
255 
255 
255 
255 
255 
255 
255 
255 
255 
255 
255 
255 
255 
255 
255 
255 
255 
255 
255 
255 
255 
255 
255 
255 
255 
255 
255 
255 
255 
255 
255 
255 
255 
255 
255 
255 
255 
255 
255 
255 
255 
255 
255 
255 
255 
255 
255 
255 
255 
255 
255 
255 
255 
255 
255 
255 
255 
255 
255 
255 
255 
255 
255 
255 
255 
255 
255 
255 
255 
255 
255 
255 
255 
255 
255 
255 
255 
255 
255 
255 
255 
255 
255 
255 
255 
255 
255 
255 
255 
255 
255 
255 
255 
255 
255 
255 
255 
255 
255 
255 
255 
255 
255 
255 
255 
255 
255 
255 
255 
255 
255 
255 
255 
255 
255 
255 
255 
255 
255 
255 
255 
255 
255 
255 
255 
255 
255 
255 
255 
255 
255 
255 
255 
255 
255 
255 
255 
255 
255 
255 
255 
255 
255 
255 
255 
255 
255 
255 
255 
255 
255 
255 
255 
255 
255 
255 
255 
255 
255 
255 
255 
255 
255 
255 
255 
255 
255 
255 
255 
255 
255 
255 
255 
255 
255 
255 
255 
255 
255 
255 
255 
255 
255 
255 
255 
255 
255 
255 
255 
255 
255 
255 
255 
255 
255 
255 
255 
255 
255 
255 
255 
255 
255 
255 
255 
255 
255 
255 
255 
255 
255 
255 
255 
255 
255 
255 
255 
255 
255 
255 
255 
255 
255 
255 
255 
255 
255 
255 
255 
255 
255 
255 
255 
255 
255 
255 
255 
255 
255 
255 
255 
255 
255 
255 
255 
255 
255 
255 
255 
255 
255 
255 
255 
255 
255 
255 
255 
255 
255 
255 
255 
255 
255 
255 
255 
255 
255 
255 
255 
255 
255 
255 
255 
255 
255 
255 
255 
255 
255 
255 
255 
255 
255 
255 
255 
255 
255 
255 
255 
255 
255 
255 
255 
255 
255 
255 
255 
255 
255 
255 
255 
255 
255 
255 
255 
255 
255 
255 
255 
255 
255 
255 
255 
255 
255 
255 
255 
255 
255 
255 
255 
255 
255 
255 
255 
255 
255 
255 
255 
255 
255 
255 
255 
255 
255 
255 
255 
255 
255 
255 
255 
255 
255 
255 
255 
255 
255 
255 
255 
255 
255 
255 
255 
255 
255 
255 
255 
255 
255 
255 
255 
255 
255 
255 
255 
255 
255 
255 
255 
255 
255 
255 
255 
255 
255 
255 
255 
255 
255 
255 
255 
255 
255 
255 
255 
255 
255 
255 
255 
255 
255 
255 
255 
255 
255 
255 
255 
255 
255 
255 
255 
255 
255 
255 
255 
255 
255 
255 
255 
255 
255 
255 
255 
255 
255 
255 
255 
255 
255 
255 
255 
255 
255 
255 
255 
255 
255 
255 
255 
255 
255 
255 
255 
255 
255 
255 
255 
255 
255 
255 
255 
255 
255 
255 
255 
255 
255 
255 
255 
255 
255 
255 
255 
255 
255 
255 
255 
255 
255 
255 
255 
255 
255 
255 
255 
255 
255 
255 
255 
255 
255 
255 
255 
255 
255 
255 
255 
255 
255 
255 
255 
255 
255 
255 
255 
255 
255 
255 
255 
255 
255 
255 
255 
255 
255 
255 
255 
255 
255 
255 
255 
255 
255 
255 
255 
255 
255 
255 
255 
255 
255 
255 
255 
255 
255 
255 
255 
255 
255 
255 
255 
255 
255 
255 
255 
255 
255 
255 
255 
255 
255 
255 
255 
255 
255 
255 
255 
255 
255 
255 
255 
255 
255 
255 
255 
255 
255 
255 
255 
255 
255 
255 
255 
255 
255 
255 
255 
255 
255 
255 
255 
255 
255 
255 
255 
255 
255 
255 
255 
255 
255 
255 
255 
255 
255 
255 
255 
255 
255 
255 
255 
255 
255 
255 
255 
255 
255 
255 
255 
255 
255 
255 
255 
255 
255 
255 
255 
255 
255 
255 
255 
255 
255 
255 
255 
255 
255 
255 
255 
255 
255 
255 
255 
255 
255 
255 
255 
255 
255 
255 
255 
255 
255 
255 
255 
255 
255 
255 
255 
255 
255 
255 
255 
255 
255 
255 
255 
255 
255 
255 
255 
255 
255 
255 
255 
255 
255 
255 
255 
255 
255 
255 
255 
255 
255 
255 
255 
255 
255 
255 
255 
255 
255 
255 
255 
255 
255 
255 
255 
255 
255 
255 
255 
255 
255 
255 
255 
255 
255 
255 
255 
255 
255 
255 
255 
255 
255 
255 
255 
255 
255 
255 
255 
255 
255 
255 
255 
255 
255 
255 
255 
255 
255 
255 
255 
255 
255 
255 
255 
255 
255 
255 
255 
255 
255 
255 
255 
255 
255 
255 
255 
255 
255 
255 
255 
255 
255 
255 
255 
255 
255 
255 
255 
255 
255 
255 
255 
255 
255 
255 
255 
255 
255 
255 
255 
255 
255 
255 
255 
255 
255 
255 
255 
255 
255 
255 
255 
255 
255 
255 
255 
255 
255 
255 
255 
255 
255 
255 
255 
255 
255 
255 
255 
255 
255 
255 
255 
255 
255 
255 
255 
255 
255 
255 
255 
255 
255 
255 
255 
255 
255 
255 
255 
255 
255 
255 
255 
255 
255 
255 
255 
255 
255 
255 
255 
255 
255 
255 
255 
255 
255 
255 
255 
255 
255 
255 
255 
255 
255 
255 
255 
255 
255 
255 
255 
255 
255 
255 
255 
255 
255 
255 
255 
255 
255 
255 
255 
255 
255 
255 
255 
255 
255 
255 
