206 
155 
106 
52 
15 
30 
132 
250 
281 
281 
307 
307 
281 
284 
281 
253 
304 
353 
399 
440 
476 
502 
511 
511 
511 
505 
478 
444 
402 
357 
309 
258 
209 
131 
70 
41 
25 
21 
26 
37 
57 
81 
109 
138 
169 
201 
232 
268 
302 
349 
393 
432 
466 
490 
508 
511 
508 
493 
468 
435 
396 
353 
306 
258 
211 
150 
96 
65 
41 
32 
32 
42 
60 
83 
108 
135 
168 
200 
233 
265 
300 
345 
387 
425 
456 
480 
496 
502 
496 
482 
458 
427 
390 
349 
304 
258 
212 
156 
107 
77 
53 
41 
40 
47 
62 
83 
108 
134 
166 
197 
231 
264 
298 
341 
381 
417 
447 
470 
485 
491 
486 
471 
449 
419 
385 
345 
302 
258 
214 
162 
115 
87 
63 
50 
48 
54 
67 
86 
110 
137 
165 
197 
230 
261 
296 
338 
376 
410 
438 
460 
475 
479 
475 
462 
440 
413 
379 
341 
300 
257 
216 
166 
123 
96 
73 
59 
56 
59 
71 
89 
112 
136 
164 
197 
228 
261 
295 
334 
370 
404 
431 
452 
464 
469 
464 
452 
433 
406 
373 
337 
298 
257 
217 
173 
133 
105 
82 
69 
64 
67 
77 
92 
115 
139 
166 
198 
227 
261 
293 
330 
365 
397 
422 
443 
455 
459 
456 
443 
425 
399 
368 
334 
297 
257 
219 
176 
138 
113 
92 
77 
71 
73 
82 
97 
117 
140 
168 
198 
228 
258 
292 
327 
361 
391 
416 
434 
446 
450 
447 
435 
417 
393 
364 
330 
295 
257 
220 
180 
145 
115 
92 
78 
71 
73 
81 
95 
115 
138 
166 
196 
226 
258 
292 
327 
361 
391 
416 
434 
446 
450 
447 
435 
417 
393 
364 
330 
295 
257 
220 
182 
147 
122 
101 
87 
80 
80 
87 
100 
118 
142 
168 
196 
227 
258 
290 
324 
357 
385 
409 
427 
437 
441 
438 
428 
411 
387 
359 
327 
293 
257 
222 
185 
150 
129 
108 
93 
87 
87 
94 
106 
123 
145 
170 
199 
226 
258 
289 
321 
352 
380 
403 
419 
430 
433 
430 
420 
404 
382 
355 
324 
292 
257 
223 
188 
155 
135 
113 
100 
95 
94 
100 
113 
128 
150 
173 
201 
228 
258 
287 
318 
348 
375 
396 
412 
422 
426 
423 
413 
397 
377 
351 
321 
290 
257 
225 
191 
159 
140 
119 
107 
101 
101 
107 
118 
133 
153 
177 
204 
229 
258 
285 
316 
344 
369 
390 
405 
415 
418 
415 
407 
391 
371 
347 
318 
289 
257 
226 
194 
163 
145 
125 
113 
106 
107 
112 
124 
139 
158 
180 
206 
230 
258 
284 
313 
341 
364 
384 
399 
408 
411 
409 
399 
385 
366 
343 
316 
286 
257 
227 
196 
167 
149 
131 
119 
113 
114 
119 
129 
144 
162 
184 
208 
231 
258 
283 
311 
336 
359 
379 
392 
401 
405 
401 
393 
380 
361 
339 
313 
285 
257 
228 
199 
171 
153 
136 
124 
119 
119 
124 
135 
149 
166 
187 
210 
232 
258 
281 
309 
334 
355 
374 
387 
395 
398 
395 
388 
375 
357 
336 
311 
284 
257 
230 
201 
175 
153 
136 
124 
119 
119 
124 
135 
148 
166 
187 
209 
232 
258 
281 
309 
334 
355 
374 
387 
395 
398 
395 
388 
375 
357 
335 
311 
284 
257 
230 
201 
175 
157 
141 
130 
125 
125 
130 
140 
153 
170 
190 
211 
233 
258 
280 
306 
330 
351 
368 
381 
389 
392 
389 
382 
369 
353 
332 
309 
283 
257 
231 
204 
178 
162 
146 
136 
131 
131 
136 
145 
157 
173 
192 
213 
234 
257 
279 
304 
327 
347 
363 
376 
383 
386 
384 
377 
364 
349 
328 
306 
282 
257 
232 
206 
181 
166 
151 
141 
136 
136 
141 
150 
161 
177 
195 
215 
235 
257 
278 
302 
324 
343 
359 
370 
378 
381 
378 
371 
360 
345 
325 
304 
280 
257 
233 
208 
185 
170 
155 
146 
141 
141 
146 
153 
165 
180 
198 
216 
236 
257 
277 
300 
321 
340 
354 
365 
372 
376 
373 
366 
355 
340 
322 
302 
279 
257 
234 
209 
188 
173 
159 
150 
146 
145 
150 
158 
169 
184 
200 
218 
237 
257 
276 
298 
318 
335 
350 
361 
367 
370 
368 
361 
351 
336 
320 
300 
278 
257 
235 
211 
191 
177 
163 
154 
150 
151 
154 
162 
173 
187 
203 
220 
237 
257 
275 
297 
315 
332 
346 
356 
363 
365 
363 
357 
347 
333 
316 
297 
276 
255 
234 
214 
197 
184 
171 
161 
156 
154 
156 
162 
171 
184 
200 
216 
236 
256 
276 
296 
314 
329 
343 
353 
358 
360 
358 
352 
343 
329 
313 
296 
275 
255 
235 
216 
199 
184 
171 
161 
156 
154 
156 
162 
171 
184 
200 
216 
236 
256 
276 
296 
314 
329 
343 
353 
358 
360 
358 
352 
343 
329 
313 
296 
275 
255 
235 
216 
199 
187 
174 
165 
160 
158 
160 
166 
175 
187 
202 
218 
237 
256 
275 
294 
312 
326 
339 
349 
354 
356 
354 
348 
339 
326 
311 
294 
274 
255 
236 
218 
201 
190 
178 
169 
164 
162 
164 
170 
178 
190 
204 
220 
237 
256 
274 
293 
309 
323 
335 
345 
350 
352 
350 
344 
335 
323 
309 
292 
274 
255 
237 
219 
204 
192 
181 
173 
168 
166 
168 
173 
182 
193 
207 
221 
238 
256 
273 
291 
307 
321 
332 
341 
346 
348 
346 
341 
331 
320 
306 
291 
273 
255 
238 
221 
206 
195 
184 
177 
172 
170 
172 
177 
185 
196 
209 
223 
239 
256 
273 
290 
305 
318 
329 
336 
342 
344 
342 
336 
328 
317 
304 
289 
272 
255 
238 
222 
208 
198 
187 
180 
175 
174 
175 
180 
188 
198 
211 
224 
240 
256 
272 
288 
303 
315 
326 
334 
339 
339 
339 
333 
325 
315 
302 
288 
271 
255 
239 
224 
209 
199 
190 
183 
179 
177 
179 
183 
191 
201 
212 
225 
240 
256 
271 
286 
301 
313 
323 
330 
334 
336 
334 
330 
322 
312 
300 
286 
271 
255 
240 
225 
212 
203 
193 
186 
182 
181 
182 
186 
194 
203 
214 
227 
241 
256 
271 
285 
299 
310 
320 
327 
331 
332 
331 
327 
319 
310 
298 
284 
270 
255 
240 
226 
213 
203 
193 
186 
182 
181 
182 
186 
194 
203 
214 
227 
241 
256 
271 
285 
299 
310 
320 
327 
331 
332 
331 
327 
319 
310 
298 
284 
270 
255 
240 
226 
213 
203 
193 
186 
182 
181 
182 
186 
194 
203 
214 
227 
241 
256 
271 
285 
299 
310 
320 
327 
331 
332 
331 
327 
319 
310 
298 
284 
270 
255 
240 
226 
213 
204 
196 
189 
185 
184 
185 
189 
196 
205 
215 
228 
242 
256 
270 
284 
297 
308 
317 
324 
328 
329 
328 
324 
317 
308 
297 
283 
269 
255 
241 
227 
215 
205 
196 
189 
185 
184 
185 
189 
196 
205 
215 
228 
242 
256 
270 
284 
297 
308 
317 
324 
328 
329 
328 
324 
317 
308 
297 
283 
269 
255 
241 
227 
215 
207 
198 
192 
188 
187 
188 
192 
199 
207 
217 
229 
242 
256 
269 
282 
295 
306 
315 
321 
325 
326 
325 
321 
314 
306 
295 
282 
269 
255 
242 
229 
217 
207 
198 
192 
188 
187 
188 
192 
199 
207 
217 
229 
242 
256 
269 
282 
295 
306 
315 
321 
325 
326 
325 
321 
314 
306 
295 
282 
269 
255 
242 
229 
217 
208 
201 
195 
191 
190 
191 
195 
201 
209 
219 
230 
243 
256 
269 
281 
294 
304 
312 
318 
322 
323 
322 
318 
312 
304 
293 
281 
268 
255 
242 
230 
218 
209 
201 
195 
191 
190 
191 
195 
201 
208 
219 
230 
243 
256 
269 
281 
294 
304 
312 
318 
322 
323 
322 
318 
312 
304 
293 
281 
268 
255 
242 
230 
218 
210 
203 
197 
194 
193 
194 
198 
203 
210 
220 
231 
243 
256 
268 
280 
292 
302 
310 
316 
319 
320 
319 
315 
309 
302 
292 
280 
268 
255 
243 
231 
220 
211 
203 
197 
194 
193 
194 
198 
204 
211 
220 
231 
243 
256 
268 
280 
292 
302 
310 
316 
319 
320 
319 
315 
309 
302 
292 
280 
268 
255 
243 
231 
220 
212 
206 
200 
197 
195 
197 
200 
206 
212 
222 
232 
244 
256 
268 
279 
290 
300 
307 
313 
316 
318 
316 
313 
307 
300 
290 
279 
267 
255 
243 
232 
221 
212 
206 
200 
197 
195 
197 
200 
206 
212 
222 
232 
244 
256 
268 
279 
291 
300 
307 
313 
316 
318 
316 
313 
307 
300 
290 
279 
267 
255 
243 
232 
221 
214 
208 
202 
199 
198 
199 
203 
207 
214 
223 
233 
244 
256 
267 
278 
289 
298 
305 
311 
314 
315 
314 
310 
305 
298 
288 
278 
267 
255 
244 
233 
223 
214 
207 
202 
198 
197 
199 
203 
207 
214 
223 
233 
244 
256 
267 
278 
289 
298 
305 
311 
314 
315 
314 
310 
305 
298 
289 
278 
267 
255 
244 
233 
223 
216 
209 
205 
201 
200 
201 
205 
210 
216 
225 
234 
245 
256 
267 
277 
288 
296 
303 
308 
312 
313 
312 
308 
303 
296 
286 
277 
266 
255 
244 
234 
224 
216 
210 
205 
201 
200 
201 
205 
210 
216 
225 
234 
245 
256 
267 
277 
287 
296 
303 
308 
312 
313 
312 
308 
303 
296 
287 
277 
266 
255 
244 
234 
224 
216 
210 
205 
201 
200 
201 
205 
209 
216 
225 
234 
245 
256 
267 
277 
288 
296 
303 
308 
312 
313 
312 
308 
303 
296 
286 
277 
266 
255 
244 
234 
224 
216 
210 
205 
201 
199 
201 
205 
210 
216 
225 
234 
245 
256 
267 
277 
288 
296 
303 
308 
312 
313 
312 
308 
303 
296 
286 
277 
266 
255 
244 
234 
224 
217 
211 
207 
204 
203 
204 
207 
211 
218 
226 
235 
245 
256 
266 
276 
285 
295 
301 
306 
309 
310 
309 
306 
301 
294 
285 
276 
266 
255 
245 
235 
226 
217 
211 
207 
204 
203 
204 
207 
211 
218 
226 
235 
245 
256 
266 
276 
285 
295 
301 
306 
309 
310 
309 
306 
301 
294 
285 
276 
266 
255 
245 
235 
226 
219 
213 
209 
206 
205 
206 
209 
213 
219 
227 
236 
246 
256 
266 
275 
284 
293 
299 
304 
307 
308 
307 
304 
299 
293 
284 
275 
265 
255 
245 
236 
227 
219 
213 
209 
205 
205 
206 
209 
213 
219 
227 
236 
246 
256 
266 
275 
284 
293 
299 
304 
307 
308 
307 
304 
299 
293 
284 
275 
265 
255 
245 
236 
227 
221 
214 
210 
207 
207 
207 
210 
215 
221 
228 
237 
246 
256 
265 
274 
283 
291 
298 
302 
305 
306 
305 
302 
297 
291 
283 
274 
265 
255 
246 
237 
228 
221 
214 
211 
207 
207 
208 
210 
215 
221 
228 
237 
246 
256 
265 
274 
283 
291 
298 
302 
305 
306 
305 
302 
297 
291 
283 
274 
265 
255 
246 
237 
228 
222 
216 
212 
210 
208 
209 
212 
216 
222 
229 
238 
246 
256 
265 
274 
282 
290 
296 
300 
303 
304 
303 
300 
296 
290 
282 
273 
265 
255 
246 
237 
229 
222 
216 
212 
209 
208 
210 
212 
216 
222 
229 
238 
246 
256 
265 
274 
282 
290 
296 
300 
303 
304 
303 
300 
296 
290 
282 
273 
265 
255 
246 
237 
229 
223 
218 
214 
211 
211 
212 
214 
218 
224 
231 
238 
247 
256 
264 
273 
281 
289 
294 
298 
301 
302 
301 
298 
294 
288 
280 
273 
264 
255 
247 
238 
230 
223 
218 
214 
211 
210 
211 
214 
218 
224 
231 
238 
247 
256 
264 
273 
281 
289 
294 
298 
301 
302 
301 
298 
294 
288 
280 
273 
264 
255 
247 
238 
230 
225 
219 
216 
213 
212 
213 
216 
220 
225 
232 
239 
247 
256 
264 
272 
280 
286 
293 
296 
299 
300 
299 
296 
292 
286 
279 
272 
264 
255 
247 
239 
231 
225 
219 
216 
213 
212 
213 
216 
220 
225 
232 
239 
247 
256 
264 
272 
280 
286 
293 
296 
299 
300 
299 
296 
292 
287 
279 
272 
264 
255 
247 
239 
231 
226 
221 
217 
215 
214 
215 
217 
221 
226 
233 
240 
248 
256 
264 
271 
279 
285 
290 
295 
297 
298 
297 
295 
291 
285 
278 
271 
263 
255 
247 
240 
232 
226 
221 
217 
215 
215 
215 
217 
221 
226 
233 
240 
248 
256 
264 
271 
279 
285 
290 
295 
297 
298 
297 
295 
291 
285 
278 
271 
263 
255 
247 
240 
232 
226 
221 
217 
215 
214 
215 
217 
221 
226 
233 
240 
248 
256 
264 
271 
279 
285 
291 
295 
297 
298 
297 
295 
291 
286 
278 
271 
263 
255 
247 
240 
232 
226 
221 
217 
215 
214 
215 
217 
221 
226 
233 
240 
248 
256 
264 
271 
279 
285 
291 
295 
297 
298 
297 
295 
291 
286 
278 
271 
263 
255 
247 
240 
232 
227 
222 
219 
217 
216 
217 
219 
223 
228 
234 
240 
248 
256 
263 
271 
278 
284 
290 
293 
295 
296 
295 
293 
289 
283 
277 
271 
263 
255 
248 
240 
233 
227 
222 
219 
217 
216 
217 
219 
223 
228 
234 
240 
248 
256 
263 
271 
278 
284 
290 
293 
295 
296 
295 
293 
288 
283 
277 
271 
263 
255 
248 
240 
233 
229 
224 
220 
218 
218 
218 
220 
224 
229 
235 
241 
248 
256 
263 
270 
277 
282 
288 
292 
294 
294 
294 
292 
288 
282 
276 
270 
263 
255 
248 
241 
234 
229 
224 
220 
218 
218 
218 
220 
224 
229 
235 
241 
248 
256 
263 
270 
277 
282 
288 
292 
294 
294 
294 
292 
288 
282 
276 
270 
263 
255 
248 
241 
234 
230 
225 
222 
220 
219 
220 
222 
225 
230 
235 
242 
249 
256 
263 
270 
276 
281 
286 
289 
292 
293 
292 
290 
287 
281 
276 
269 
262 
255 
248 
241 
235 
230 
225 
222 
220 
219 
220 
222 
225 
230 
235 
242 
249 
256 
263 
270 
276 
281 
286 
290 
292 
293 
292 
290 
286 
281 
276 
269 
262 
255 
248 
241 
235 
231 
226 
223 
221 
221 
221 
223 
227 
231 
236 
242 
249 
256 
262 
269 
275 
280 
285 
288 
291 
291 
291 
288 
284 
280 
275 
269 
262 
255 
249 
242 
236 
231 
226 
223 
221 
221 
221 
223 
227 
231 
236 
242 
249 
256 
262 
269 
275 
280 
285 
288 
291 
291 
291 
288 
284 
280 
275 
269 
262 
255 
249 
242 
236 
232 
228 
225 
223 
222 
223 
225 
228 
232 
237 
243 
249 
256 
262 
268 
274 
279 
283 
286 
289 
289 
289 
286 
283 
279 
274 
268 
262 
255 
249 
243 
237 
232 
228 
225 
223 
222 
223 
225 
228 
232 
237 
243 
249 
256 
262 
268 
274 
279 
283 
286 
289 
289 
289 
286 
283 
279 
274 
268 
262 
255 
249 
243 
237 
233 
229 
226 
224 
224 
224 
226 
229 
233 
238 
243 
249 
256 
262 
268 
273 
278 
282 
285 
288 
288 
287 
286 
282 
278 
273 
268 
262 
255 
249 
243 
238 
233 
229 
226 
224 
224 
224 
226 
229 
233 
238 
243 
249 
256 
262 
268 
273 
278 
282 
285 
288 
288 
288 
285 
282 
278 
273 
268 
262 
255 
249 
243 
238 
234 
230 
227 
226 
225 
226 
227 
230 
234 
239 
244 
250 
256 
262 
267 
273 
277 
281 
284 
285 
286 
285 
284 
281 
277 
272 
267 
261 
255 
249 
244 
238 
234 
230 
227 
226 
225 
226 
227 
230 
234 
239 
244 
250 
256 
262 
267 
273 
277 
281 
284 
285 
286 
285 
284 
281 
277 
272 
267 
261 
255 
249 
244 
238 
234 
230 
227 
226 
225 
226 
227 
230 
234 
239 
244 
250 
256 
262 
267 
273 
277 
281 
284 
285 
286 
285 
284 
281 
277 
272 
267 
261 
255 
249 
244 
238 
234 
230 
227 
226 
225 
226 
227 
230 
234 
239 
244 
250 
256 
262 
267 
273 
277 
281 
284 
285 
286 
285 
284 
281 
277 
272 
267 
261 
255 
249 
244 
238 
235 
231 
228 
227 
226 
227 
229 
231 
235 
239 
244 
250 
256 
261 
267 
272 
276 
280 
283 
284 
285 
284 
282 
280 
276 
272 
267 
261 
255 
250 
244 
239 
235 
231 
228 
227 
226 
227 
229 
231 
235 
239 
244 
250 
256 
261 
267 
272 
276 
280 
283 
284 
286 
284 
282 
280 
276 
272 
267 
261 
255 
250 
244 
239 
236 
232 
230 
228 
227 
228 
230 
232 
236 
240 
245 
250 
256 
261 
266 
271 
275 
279 
281 
283 
284 
283 
281 
279 
275 
271 
266 
261 
255 
250 
245 
240 
236 
232 
230 
228 
227 
228 
230 
232 
236 
240 
245 
250 
256 
261 
266 
271 
275 
279 
281 
283 
284 
283 
281 
279 
275 
271 
266 
261 
255 
250 
245 
240 
236 
233 
231 
229 
229 
229 
231 
233 
237 
241 
245 
250 
256 
261 
266 
270 
275 
278 
280 
282 
282 
282 
280 
278 
274 
270 
266 
261 
255 
250 
245 
241 
236 
233 
231 
229 
229 
229 
231 
233 
237 
241 
245 
250 
256 
261 
266 
270 
275 
278 
280 
282 
282 
282 
280 
278 
274 
270 
266 
261 
255 
250 
245 
241 
237 
234 
232 
230 
230 
230 
232 
234 
237 
241 
246 
251 
256 
261 
265 
270 
274 
277 
279 
281 
281 
281 
279 
277 
274 
270 
265 
260 
255 
250 
246 
241 
237 
234 
232 
230 
230 
230 
232 
234 
237 
241 
246 
251 
256 
261 
265 
270 
274 
277 
279 
281 
281 
281 
279 
277 
274 
270 
265 
260 
255 
250 
246 
241 
238 
235 
233 
231 
231 
231 
233 
235 
238 
242 
246 
251 
256 
260 
265 
269 
273 
276 
278 
280 
280 
280 
278 
276 
273 
269 
265 
260 
255 
251 
246 
242 
238 
235 
233 
231 
231 
231 
233 
235 
238 
242 
246 
251 
256 
260 
265 
269 
273 
276 
278 
280 
280 
280 
278 
276 
273 
269 
265 
260 
255 
251 
246 
242 
239 
236 
234 
232 
232 
232 
234 
236 
239 
242 
247 
251 
256 
260 
265 
269 
272 
275 
277 
279 
279 
279 
277 
275 
272 
269 
264 
260 
255 
251 
246 
242 
239 
236 
234 
232 
232 
232 
234 
236 
239 
242 
247 
251 
256 
260 
265 
269 
272 
275 
277 
279 
279 
279 
277 
275 
272 
269 
264 
260 
255 
251 
246 
242 
239 
237 
235 
233 
233 
233 
235 
237 
240 
243 
247 
251 
256 
260 
264 
268 
272 
274 
276 
278 
278 
278 
276 
274 
271 
268 
264 
260 
255 
251 
247 
243 
239 
237 
235 
233 
233 
233 
235 
237 
240 
243 
247 
251 
256 
260 
264 
268 
272 
274 
276 
278 
278 
278 
276 
274 
271 
268 
264 
260 
255 
251 
247 
243 
239 
237 
235 
233 
233 
233 
235 
237 
240 
243 
247 
251 
256 
260 
264 
268 
272 
274 
276 
278 
278 
278 
276 
274 
271 
268 
264 
260 
255 
251 
247 
243 
239 
237 
235 
233 
233 
233 
235 
237 
240 
243 
247 
251 
256 
260 
264 
268 
272 
274 
276 
278 
278 
278 
276 
274 
271 
268 
264 
260 
255 
251 
247 
243 
240 
237 
236 
234 
234 
234 
236 
238 
240 
244 
247 
251 
256 
260 
264 
268 
271 
274 
275 
277 
277 
277 
275 
273 
271 
267 
264 
260 
255 
251 
247 
243 
240 
237 
236 
234 
234 
234 
236 
238 
240 
244 
247 
251 
256 
260 
264 
268 
271 
274 
275 
277 
277 
277 
275 
273 
271 
267 
264 
260 
255 
251 
247 
243 
241 
238 
236 
235 
235 
235 
236 
238 
241 
244 
248 
252 
256 
260 
263 
267 
270 
273 
275 
276 
276 
276 
275 
273 
270 
267 
263 
259 
255 
251 
248 
244 
241 
238 
236 
235 
235 
235 
236 
238 
241 
244 
248 
252 
256 
260 
263 
267 
270 
273 
275 
276 
276 
276 
275 
273 
270 
267 
263 
259 
255 
251 
248 
244 
241 
239 
237 
236 
236 
236 
237 
239 
242 
245 
248 
252 
256 
259 
263 
267 
270 
272 
274 
275 
275 
275 
274 
272 
269 
266 
263 
259 
255 
252 
248 
244 
241 
239 
237 
236 
236 
236 
237 
239 
242 
245 
248 
252 
256 
259 
263 
267 
270 
272 
274 
275 
275 
275 
274 
272 
269 
266 
263 
259 
255 
252 
248 
244 
242 
240 
238 
237 
237 
237 
238 
240 
242 
245 
248 
252 
256 
259 
263 
266 
269 
271 
273 
274 
274 
274 
273 
271 
269 
266 
263 
259 
255 
252 
248 
245 
242 
240 
238 
237 
237 
237 
238 
240 
242 
245 
248 
252 
256 
259 
263 
266 
269 
271 
273 
274 
274 
274 
273 
271 
269 
266 
263 
259 
255 
252 
248 
245 
243 
240 
239 
238 
237 
238 
239 
240 
243 
245 
249 
252 
256 
259 
263 
266 
268 
271 
272 
273 
274 
273 
272 
271 
268 
266 
262 
259 
255 
252 
248 
245 
243 
240 
239 
238 
237 
238 
239 
240 
243 
245 
249 
252 
256 
259 
263 
266 
268 
271 
272 
273 
274 
273 
272 
271 
268 
266 
262 
259 
255 
252 
248 
245 
243 
241 
239 
238 
238 
238 
239 
241 
243 
246 
249 
252 
256 
259 
262 
265 
268 
270 
272 
273 
273 
273 
272 
270 
268 
265 
262 
259 
255 
252 
249 
246 
243 
241 
239 
238 
238 
238 
239 
241 
243 
246 
249 
252 
256 
259 
262 
265 
268 
270 
272 
273 
273 
273 
272 
270 
268 
265 
262 
259 
255 
252 
249 
246 
244 
242 
240 
239 
239 
239 
240 
242 
244 
246 
249 
252 
256 
259 
262 
265 
267 
269 
271 
272 
272 
272 
271 
269 
267 
265 
262 
259 
255 
252 
249 
246 
244 
242 
240 
239 
239 
239 
240 
242 
244 
246 
249 
252 
256 
259 
262 
265 
267 
269 
271 
272 
272 
272 
271 
269 
267 
265 
262 
259 
255 
252 
249 
246 
244 
242 
240 
239 
239 
239 
240 
242 
244 
246 
249 
252 
256 
259 
262 
265 
267 
269 
271 
272 
272 
272 
271 
269 
267 
265 
262 
259 
255 
252 
249 
246 
244 
242 
240 
239 
239 
239 
240 
242 
244 
246 
249 
252 
256 
259 
262 
265 
267 
269 
271 
272 
272 
272 
271 
269 
267 
265 
262 
259 
255 
252 
249 
246 
244 
242 
241 
240 
240 
240 
241 
242 
244 
247 
249 
252 
256 
259 
262 
264 
267 
269 
270 
271 
271 
271 
270 
269 
267 
264 
262 
259 
255 
252 
249 
247 
244 
242 
241 
240 
240 
240 
241 
242 
244 
247 
249 
252 
256 
259 
262 
264 
267 
269 
270 
271 
271 
271 
270 
269 
267 
264 
262 
259 
255 
252 
249 
247 
245 
243 
241 
241 
240 
241 
241 
243 
245 
247 
250 
253 
256 
259 
261 
264 
266 
268 
270 
270 
271 
270 
270 
268 
266 
264 
261 
258 
255 
252 
250 
247 
245 
243 
241 
241 
240 
241 
241 
243 
245 
247 
250 
253 
256 
259 
261 
264 
266 
268 
270 
270 
271 
270 
270 
268 
266 
264 
261 
258 
255 
252 
250 
247 
245 
243 
242 
241 
241 
241 
242 
243 
245 
247 
250 
253 
256 
258 
261 
264 
266 
268 
269 
270 
270 
270 
269 
268 
266 
264 
261 
258 
255 
253 
250 
247 
245 
243 
242 
241 
241 
241 
242 
243 
245 
247 
250 
253 
256 
258 
261 
264 
266 
268 
269 
270 
270 
270 
269 
268 
266 
264 
261 
258 
255 
253 
250 
247 
246 
244 
243 
242 
241 
242 
243 
244 
246 
248 
250 
253 
256 
258 
261 
263 
265 
267 
268 
269 
270 
269 
268 
267 
265 
263 
261 
258 
255 
253 
250 
248 
246 
244 
243 
242 
241 
242 
243 
244 
246 
248 
250 
253 
256 
258 
261 
263 
265 
267 
268 
269 
270 
269 
268 
267 
265 
263 
261 
258 
255 
253 
250 
248 
246 
244 
243 
242 
242 
242 
243 
244 
246 
248 
250 
253 
256 
258 
261 
263 
265 
267 
268 
269 
269 
269 
268 
267 
265 
263 
261 
258 
255 
253 
250 
248 
246 
244 
243 
242 
242 
242 
243 
244 
246 
248 
250 
253 
256 
258 
261 
263 
265 
267 
268 
269 
269 
269 
268 
267 
265 
263 
261 
258 
255 
253 
250 
248 
246 
245 
244 
243 
243 
243 
244 
245 
246 
248 
251 
253 
256 
258 
260 
263 
265 
266 
267 
268 
268 
268 
267 
266 
265 
263 
260 
258 
255 
253 
251 
248 
246 
245 
244 
243 
243 
243 
244 
245 
246 
248 
251 
253 
256 
258 
260 
263 
265 
266 
267 
268 
268 
268 
267 
266 
265 
263 
260 
258 
255 
253 
251 
248 
247 
245 
244 
243 
243 
243 
244 
245 
247 
249 
251 
253 
256 
258 
260 
262 
264 
266 
267 
268 
268 
268 
267 
266 
264 
262 
260 
258 
255 
253 
251 
249 
247 
245 
244 
243 
243 
243 
244 
245 
247 
249 
251 
253 
256 
258 
260 
262 
264 
266 
267 
268 
268 
268 
267 
266 
264 
262 
260 
258 
255 
253 
251 
249 
247 
245 
244 
243 
243 
243 
244 
245 
247 
249 
251 
253 
256 
258 
260 
262 
264 
266 
267 
268 
268 
268 
267 
266 
264 
262 
260 
258 
255 
253 
251 
249 
247 
245 
244 
243 
243 
243 
244 
245 
247 
249 
251 
253 
256 
258 
260 
262 
264 
266 
267 
268 
268 
268 
267 
266 
264 
262 
260 
258 
255 
253 
251 
249 
247 
246 
245 
244 
244 
244 
245 
246 
247 
249 
251 
253 
256 
258 
260 
262 
264 
265 
266 
267 
267 
267 
266 
265 
264 
262 
260 
258 
255 
253 
251 
249 
247 
246 
245 
244 
244 
244 
245 
246 
247 
249 
251 
253 
256 
258 
260 
262 
264 
265 
266 
267 
267 
267 
266 
265 
264 
262 
260 
258 
255 
253 
251 
249 
247 
246 
245 
244 
244 
244 
245 
246 
248 
249 
251 
253 
256 
258 
260 
262 
264 
265 
266 
267 
267 
267 
266 
265 
263 
262 
260 
258 
255 
253 
251 
249 
247 
246 
245 
244 
244 
244 
245 
246 
248 
249 
251 
253 
256 
258 
260 
262 
264 
265 
266 
267 
267 
267 
266 
265 
263 
262 
260 
258 
255 
253 
251 
249 
248 
246 
246 
245 
245 
245 
246 
247 
248 
250 
251 
253 
256 
258 
260 
262 
263 
265 
265 
266 
266 
266 
265 
264 
263 
261 
260 
258 
255 
253 
251 
249 
248 
246 
246 
245 
245 
245 
246 
247 
248 
250 
251 
253 
256 
258 
260 
262 
263 
265 
265 
266 
266 
266 
265 
264 
263 
261 
260 
258 
255 
253 
251 
249 
248 
247 
246 
245 
245 
245 
246 
247 
248 
250 
252 
254 
256 
258 
259 
261 
263 
264 
265 
266 
266 
266 
265 
264 
263 
261 
259 
257 
255 
253 
252 
250 
248 
247 
246 
245 
245 
245 
246 
247 
248 
250 
252 
254 
256 
258 
259 
261 
263 
264 
265 
266 
266 
266 
265 
264 
263 
261 
259 
257 
255 
253 
252 
250 
248 
247 
246 
246 
246 
246 
246 
247 
249 
250 
252 
254 
256 
257 
259 
261 
263 
264 
265 
265 
265 
265 
265 
264 
262 
261 
259 
257 
255 
254 
252 
250 
248 
247 
246 
246 
246 
246 
246 
247 
249 
250 
252 
254 
256 
257 
259 
261 
263 
264 
265 
265 
265 
265 
265 
264 
262 
261 
259 
257 
255 
254 
252 
250 
249 
248 
247 
246 
246 
246 
247 
248 
249 
250 
252 
254 
256 
257 
259 
261 
262 
263 
264 
265 
265 
265 
264 
263 
262 
261 
259 
257 
255 
254 
252 
250 
249 
248 
247 
246 
246 
246 
247 
248 
249 
250 
252 
254 
256 
257 
259 
261 
262 
263 
264 
265 
265 
265 
264 
263 
262 
261 
259 
257 
255 
254 
252 
250 
249 
248 
247 
247 
246 
247 
247 
248 
249 
250 
252 
254 
256 
257 
259 
261 
262 
263 
264 
264 
265 
264 
264 
263 
262 
261 
259 
257 
255 
254 
252 
250 
249 
248 
247 
247 
246 
247 
247 
248 
249 
250 
252 
254 
256 
257 
259 
261 
262 
263 
264 
264 
265 
264 
264 
263 
262 
261 
259 
257 
255 
254 
252 
250 
249 
248 
247 
247 
246 
247 
247 
248 
249 
250 
252 
254 
256 
257 
259 
261 
262 
263 
264 
264 
265 
264 
264 
263 
262 
261 
259 
257 
255 
254 
252 
250 
249 
248 
247 
247 
246 
247 
247 
248 
249 
250 
252 
254 
256 
257 
259 
261 
262 
263 
264 
264 
265 
264 
264 
263 
262 
261 
259 
257 
255 
254 
252 
250 
249 
248 
247 
247 
247 
247 
247 
248 
249 
251 
252 
254 
256 
257 
259 
260 
262 
263 
264 
264 
264 
264 
264 
263 
262 
260 
259 
257 
255 
254 
252 
251 
249 
248 
247 
247 
247 
247 
247 
248 
249 
251 
252 
254 
256 
257 
259 
260 
262 
263 
264 
264 
264 
264 
264 
263 
262 
260 
259 
257 
255 
254 
252 
251 
250 
249 
248 
247 
247 
247 
248 
249 
250 
251 
252 
254 
256 
257 
259 
260 
261 
262 
263 
264 
264 
264 
263 
262 
261 
260 
259 
257 
255 
254 
252 
251 
250 
249 
248 
247 
247 
247 
248 
249 
250 
251 
252 
254 
256 
257 
259 
260 
261 
262 
263 
264 
264 
264 
263 
262 
261 
260 
259 
257 
255 
254 
252 
251 
250 
249 
248 
248 
248 
248 
248 
249 
250 
251 
252 
254 
256 
257 
259 
260 
261 
262 
263 
263 
263 
263 
263 
262 
261 
260 
259 
257 
255 
254 
252 
251 
250 
249 
248 
248 
248 
248 
248 
249 
250 
251 
252 
254 
256 
257 
259 
260 
261 
262 
263 
263 
263 
263 
263 
262 
261 
260 
259 
257 
255 
254 
252 
251 
250 
249 
248 
248 
248 
248 
248 
249 
250 
251 
253 
254 
256 
257 
258 
260 
261 
262 
263 
263 
263 
263 
263 
262 
261 
260 
258 
257 
255 
254 
253 
251 
250 
249 
248 
248 
248 
248 
248 
249 
250 
251 
253 
254 
256 
257 
258 
260 
261 
262 
263 
263 
263 
263 
263 
262 
261 
260 
258 
257 
255 
254 
253 
251 
250 
249 
249 
248 
248 
248 
249 
249 
250 
251 
253 
254 
256 
257 
258 
260 
261 
262 
262 
263 
263 
263 
262 
262 
261 
260 
258 
257 
255 
254 
253 
251 
250 
249 
249 
248 
248 
248 
249 
249 
250 
251 
253 
254 
256 
257 
258 
260 
261 
262 
262 
263 
263 
263 
262 
262 
261 
260 
258 
257 
255 
254 
253 
251 
251 
250 
249 
249 
248 
249 
249 
250 
251 
252 
253 
254 
256 
257 
258 
259 
260 
261 
262 
262 
263 
262 
262 
261 
260 
259 
258 
257 
255 
254 
253 
252 
251 
250 
249 
249 
248 
249 
249 
250 
251 
252 
253 
254 
256 
257 
258 
259 
260 
261 
262 
262 
263 
262 
262 
261 
260 
259 
258 
257 
255 
254 
253 
252 
251 
250 
249 
249 
249 
249 
249 
250 
251 
252 
253 
254 
256 
257 
258 
259 
260 
261 
262 
262 
262 
262 
262 
261 
260 
259 
258 
257 
255 
254 
253 
252 
251 
250 
249 
249 
249 
249 
249 
250 
251 
252 
253 
254 
256 
257 
258 
259 
260 
261 
262 
262 
262 
262 
262 
261 
260 
259 
258 
257 
255 
254 
253 
252 
251 
250 
249 
249 
249 
249 
249 
250 
251 
252 
253 
254 
256 
257 
258 
259 
260 
261 
262 
262 
262 
262 
262 
261 
260 
259 
258 
257 
255 
254 
253 
252 
251 
250 
249 
249 
249 
249 
249 
250 
251 
252 
253 
254 
256 
257 
258 
259 
260 
261 
262 
262 
262 
262 
262 
261 
260 
259 
258 
257 
255 
254 
253 
252 
251 
250 
250 
249 
249 
249 
250 
250 
251 
252 
253 
254 
256 
257 
258 
259 
260 
261 
261 
262 
262 
262 
261 
261 
260 
259 
258 
257 
255 
254 
253 
252 
251 
250 
250 
249 
249 
249 
250 
250 
251 
252 
253 
254 
256 
257 
258 
259 
260 
261 
261 
262 
262 
262 
261 
261 
260 
259 
258 
257 
255 
254 
253 
252 
251 
250 
250 
249 
249 
249 
250 
250 
251 
252 
253 
254 
256 
257 
258 
259 
260 
261 
261 
262 
262 
262 
261 
261 
260 
259 
258 
257 
255 
254 
253 
252 
251 
250 
250 
249 
249 
249 
250 
250 
251 
252 
253 
254 
256 
257 
258 
259 
260 
261 
261 
262 
262 
262 
261 
261 
260 
259 
258 
257 
255 
254 
253 
252 
251 
251 
250 
250 
250 
250 
250 
251 
251 
252 
253 
254 
256 
257 
258 
259 
260 
260 
261 
261 
261 
261 
261 
260 
260 
259 
258 
257 
255 
254 
253 
252 
251 
251 
250 
250 
250 
250 
250 
251 
251 
252 
253 
254 
256 
257 
258 
259 
260 
260 
261 
261 
261 
261 
261 
260 
260 
259 
258 
257 
255 
254 
253 
252 
251 
251 
250 
250 
250 
250 
250 
251 
252 
252 
253 
254 
256 
257 
258 
259 
260 
260 
261 
261 
261 
261 
261 
260 
259 
259 
258 
257 
255 
254 
253 
252 
251 
251 
250 
250 
250 
250 
250 
251 
252 
252 
253 
254 
256 
257 
258 
259 
260 
260 
261 
261 
261 
261 
261 
260 
259 
259 
258 
257 
255 
254 
253 
252 
252 
251 
251 
250 
250 
250 
251 
251 
252 
253 
253 
254 
256 
257 
258 
259 
259 
260 
260 
261 
261 
261 
260 
260 
259 
258 
258 
257 
255 
254 
253 
252 
252 
251 
251 
250 
250 
250 
251 
251 
252 
253 
253 
254 
256 
257 
258 
259 
259 
260 
260 
261 
261 
261 
260 
260 
259 
258 
258 
257 
255 
254 
253 
252 
252 
251 
251 
250 
250 
250 
251 
251 
252 
253 
254 
255 
256 
257 
257 
258 
259 
260 
260 
261 
261 
261 
260 
260 
259 
258 
257 
256 
255 
254 
254 
253 
252 
251 
251 
250 
250 
250 
251 
251 
252 
253 
254 
255 
256 
257 
257 
258 
259 
260 
260 
261 
261 
261 
260 
260 
259 
258 
257 
256 
255 
254 
254 
253 
252 
251 
251 
251 
251 
251 
251 
251 
252 
253 
254 
255 
256 
256 
257 
258 
259 
260 
260 
260 
260 
260 
260 
260 
259 
258 
257 
256 
255 
255 
254 
253 
252 
251 
251 
251 
251 
251 
251 
251 
252 
253 
254 
255 
256 
256 
257 
258 
259 
260 
260 
260 
260 
260 
260 
260 
259 
258 
257 
256 
255 
255 
254 
253 
252 
251 
251 
251 
251 
251 
251 
251 
252 
253 
254 
255 
256 
256 
257 
258 
259 
260 
260 
260 
260 
260 
260 
260 
259 
258 
257 
256 
255 
255 
254 
253 
252 
251 
251 
251 
251 
251 
251 
251 
252 
253 
254 
255 
256 
256 
257 
258 
259 
260 
260 
260 
260 
260 
260 
260 
259 
258 
257 
256 
255 
255 
254 
253 
252 
252 
251 
251 
251 
251 
251 
252 
252 
253 
254 
255 
256 
256 
257 
258 
259 
259 
260 
260 
260 
260 
260 
259 
259 
258 
257 
256 
255 
255 
254 
253 
252 
252 
251 
251 
251 
251 
251 
252 
252 
253 
254 
255 
256 
256 
257 
258 
259 
259 
260 
260 
260 
260 
260 
259 
259 
258 
257 
256 
255 
255 
254 
253 
252 
252 
251 
251 
251 
251 
251 
252 
252 
253 
254 
255 
256 
256 
257 
258 
259 
259 
260 
260 
260 
260 
260 
259 
259 
258 
257 
256 
255 
255 
254 
253 
252 
252 
251 
251 
251 
251 
251 
252 
252 
253 
254 
255 
256 
256 
257 
258 
259 
259 
260 
260 
260 
260 
260 
259 
259 
258 
257 
256 
255 
255 
254 
253 
252 
252 
251 
251 
251 
251 
251 
252 
252 
253 
254 
255 
256 
256 
256 
258 
259 
259 
260 
260 
260 
260 
260 
259 
259 
258 
257 
256 
255 
255 
254 
253 
252 
252 
251 
251 
251 
251 
251 
252 
252 
253 
254 
255 
256 
256 
257 
258 
259 
259 
260 
260 
260 
260 
260 
259 
259 
258 
257 
256 
255 
255 
254 
253 
253 
252 
252 
251 
251 
251 
252 
252 
253 
253 
254 
255 
256 
256 
257 
258 
258 
259 
259 
260 
260 
260 
259 
259 
258 
258 
257 
256 
255 
255 
254 
253 
253 
252 
252 
251 
251 
251 
252 
252 
253 
253 
254 
255 
256 
256 
257 
258 
258 
259 
259 
260 
260 
260 
259 
259 
258 
258 
257 
256 
255 
255 
254 
253 
253 
252 
252 
252 
252 
252 
252 
252 
253 
253 
254 
255 
256 
256 
257 
258 
258 
259 
259 
259 
259 
259 
259 
259 
258 
258 
257 
256 
255 
255 
254 
253 
253 
252 
252 
252 
252 
252 
252 
252 
253 
253 
254 
255 
256 
256 
257 
258 
258 
259 
259 
259 
259 
259 
259 
259 
258 
258 
257 
256 
255 
255 
254 
253 
253 
252 
252 
252 
252 
252 
252 
252 
253 
253 
254 
255 
256 
256 
257 
258 
258 
259 
259 
259 
259 
259 
259 
259 
258 
258 
257 
256 
255 
255 
254 
253 
253 
252 
252 
252 
252 
252 
252 
252 
253 
253 
254 
255 
256 
256 
257 
258 
258 
259 
259 
259 
259 
259 
259 
259 
258 
258 
257 
256 
255 
255 
254 
253 
253 
252 
252 
252 
252 
252 
252 
252 
253 
253 
254 
255 
256 
256 
257 
258 
258 
259 
259 
259 
259 
259 
259 
259 
258 
258 
257 
256 
255 
255 
254 
253 
253 
252 
252 
252 
252 
252 
252 
252 
253 
253 
254 
255 
256 
256 
257 
258 
258 
259 
259 
259 
259 
259 
259 
259 
258 
258 
257 
256 
255 
255 
254 
253 
253 
252 
252 
252 
252 
252 
252 
252 
253 
253 
254 
255 
256 
256 
257 
258 
258 
259 
259 
259 
259 
259 
259 
259 
258 
258 
257 
256 
255 
255 
254 
253 
253 
252 
252 
252 
252 
252 
252 
252 
253 
253 
254 
255 
256 
256 
257 
258 
258 
259 
259 
259 
259 
259 
259 
259 
258 
258 
257 
256 
255 
255 
254 
253 
253 
253 
252 
252 
252 
252 
252 
253 
253 
254 
254 
255 
256 
256 
257 
257 
258 
258 
259 
259 
259 
259 
259 
258 
258 
257 
257 
256 
255 
255 
254 
254 
253 
253 
252 
252 
252 
252 
252 
253 
253 
254 
254 
255 
256 
256 
257 
257 
258 
258 
259 
259 
259 
259 
259 
258 
258 
257 
257 
256 
255 
255 
254 
254 
253 
253 
252 
252 
252 
252 
252 
253 
253 
254 
254 
255 
256 
256 
257 
257 
258 
258 
259 
259 
259 
259 
259 
258 
258 
257 
257 
256 
255 
255 
254 
254 
253 
253 
252 
252 
252 
252 
252 
253 
253 
254 
254 
255 
256 
256 
257 
257 
258 
258 
259 
259 
259 
259 
259 
258 
258 
257 
257 
256 
255 
255 
254 
254 
253 
253 
253 
252 
252 
252 
253 
253 
253 
254 
254 
255 
256 
256 
257 
257 
258 
258 
258 
259 
259 
259 
258 
258 
258 
257 
257 
256 
255 
255 
254 
254 
253 
253 
253 
252 
252 
252 
253 
253 
253 
254 
254 
255 
256 
256 
257 
257 
258 
258 
258 
259 
259 
259 
258 
258 
258 
257 
257 
256 
255 
255 
254 
254 
253 
253 
253 
252 
252 
252 
253 
253 
253 
254 
254 
255 
256 
256 
257 
257 
258 
258 
258 
259 
259 
259 
258 
258 
258 
257 
257 
256 
255 
255 
254 
254 
253 
253 
253 
252 
252 
252 
253 
253 
253 
254 
254 
255 
256 
256 
257 
257 
258 
258 
258 
259 
259 
259 
258 
258 
258 
257 
257 
256 
255 
255 
254 
254 
253 
253 
253 
253 
253 
253 
253 
253 
253 
254 
254 
255 
256 
256 
257 
257 
258 
258 
258 
258 
258 
258 
258 
258 
258 
257 
257 
256 
255 
255 
254 
254 
253 
253 
253 
253 
253 
253 
253 
253 
253 
254 
254 
255 
256 
256 
257 
257 
258 
258 
258 
258 
258 
258 
258 
258 
258 
257 
257 
256 
255 
255 
254 
254 
253 
253 
253 
253 
253 
253 
253 
253 
254 
254 
254 
255 
256 
256 
257 
257 
258 
258 
258 
258 
258 
258 
258 
258 
257 
257 
257 
256 
255 
255 
254 
254 
253 
253 
253 
253 
253 
253 
253 
253 
254 
254 
254 
255 
256 
256 
257 
257 
258 
258 
258 
258 
258 
258 
258 
258 
257 
257 
257 
256 
255 
255 
254 
254 
254 
253 
253 
253 
253 
253 
253 
253 
254 
254 
254 
255 
256 
256 
257 
257 
257 
258 
258 
258 
258 
258 
258 
258 
257 
257 
257 
256 
255 
255 
254 
254 
254 
253 
253 
253 
253 
253 
253 
253 
254 
254 
254 
255 
256 
256 
257 
257 
257 
258 
258 
258 
258 
258 
258 
258 
257 
257 
257 
256 
255 
255 
254 
254 
254 
253 
253 
253 
253 
253 
253 
253 
254 
254 
254 
255 
256 
256 
257 
257 
257 
258 
258 
258 
258 
258 
258 
258 
257 
257 
257 
256 
255 
255 
254 
254 
254 
253 
253 
253 
253 
253 
253 
253 
254 
254 
254 
255 
256 
256 
257 
257 
257 
258 
258 
258 
258 
258 
258 
258 
257 
257 
257 
256 
255 
255 
254 
254 
254 
253 
253 
253 
253 
253 
253 
253 
254 
254 
255 
255 
256 
256 
256 
257 
257 
258 
258 
258 
258 
258 
258 
258 
257 
257 
256 
256 
255 
255 
255 
254 
254 
253 
253 
253 
253 
253 
253 
253 
254 
254 
255 
255 
256 
256 
256 
257 
257 
258 
258 
258 
258 
258 
258 
258 
257 
257 
256 
256 
255 
255 
255 
254 
254 
253 
253 
253 
253 
253 
253 
253 
254 
254 
255 
255 
256 
256 
256 
257 
257 
258 
258 
258 
258 
258 
258 
258 
257 
257 
256 
256 
255 
255 
255 
254 
254 
253 
253 
253 
253 
253 
253 
253 
254 
254 
255 
255 
256 
256 
256 
257 
257 
258 
258 
258 
258 
258 
258 
258 
257 
257 
256 
256 
255 
255 
255 
254 
254 
254 
253 
253 
253 
253 
253 
254 
254 
254 
255 
255 
256 
256 
256 
257 
257 
257 
258 
258 
258 
258 
258 
257 
257 
257 
256 
256 
255 
255 
255 
254 
254 
254 
253 
253 
253 
253 
253 
254 
254 
254 
255 
255 
256 
256 
256 
257 
257 
257 
258 
258 
258 
258 
258 
257 
257 
257 
256 
256 
255 
255 
255 
254 
254 
254 
253 
253 
253 
253 
253 
254 
254 
254 
255 
255 
256 
256 
256 
257 
257 
257 
258 
258 
258 
258 
258 
257 
257 
257 
256 
256 
255 
255 
255 
254 
254 
254 
253 
253 
253 
253 
253 
254 
254 
254 
255 
255 
256 
256 
256 
257 
257 
257 
258 
258 
258 
258 
258 
257 
257 
257 
256 
256 
255 
255 
255 
254 
254 
254 
253 
253 
253 
253 
253 
254 
254 
254 
255 
255 
256 
256 
256 
257 
257 
257 
258 
258 
258 
258 
258 
257 
257 
257 
256 
256 
255 
255 
255 
254 
254 
254 
253 
253 
253 
253 
253 
254 
254 
254 
255 
255 
256 
256 
256 
257 
257 
257 
258 
258 
258 
258 
258 
257 
257 
257 
256 
256 
255 
255 
255 
254 
254 
254 
254 
253 
253 
253 
254 
254 
254 
254 
255 
255 
256 
256 
256 
257 
257 
257 
257 
258 
258 
258 
257 
257 
257 
257 
256 
256 
255 
255 
255 
254 
254 
254 
254 
253 
253 
253 
254 
254 
254 
254 
255 
255 
256 
256 
256 
257 
257 
257 
257 
258 
258 
258 
257 
257 
257 
257 
256 
256 
255 
255 
255 
254 
254 
254 
254 
254 
254 
254 
254 
254 
254 
254 
255 
255 
256 
256 
255 
257 
257 
257 
257 
257 
257 
257 
257 
257 
257 
257 
256 
256 
255 
255 
255 
254 
254 
254 
254 
254 
254 
254 
254 
254 
254 
254 
255 
255 
256 
256 
256 
257 
257 
257 
257 
257 
257 
257 
257 
257 
257 
257 
256 
256 
255 
255 
255 
254 
254 
254 
254 
254 
254 
254 
254 
254 
254 
254 
255 
255 
256 
256 
256 
257 
257 
257 
257 
257 
257 
257 
257 
257 
257 
257 
256 
256 
255 
255 
255 
254 
254 
254 
254 
254 
254 
254 
254 
254 
254 
254 
255 
255 
256 
256 
256 
257 
257 
257 
257 
257 
257 
257 
257 
257 
257 
257 
256 
256 
255 
255 
255 
254 
254 
254 
254 
254 
254 
254 
254 
254 
254 
254 
255 
255 
256 
256 
256 
257 
257 
257 
257 
257 
257 
257 
257 
257 
257 
257 
256 
256 
255 
255 
255 
254 
254 
254 
254 
254 
254 
254 
254 
254 
254 
254 
255 
255 
256 
256 
256 
257 
257 
257 
257 
257 
257 
257 
257 
257 
257 
257 
256 
256 
255 
255 
255 
254 
254 
254 
254 
254 
254 
254 
254 
254 
254 
254 
255 
255 
256 
256 
256 
257 
257 
257 
257 
257 
257 
257 
257 
257 
257 
257 
256 
256 
255 
255 
255 
254 
254 
254 
254 
254 
254 
254 
254 
254 
254 
254 
255 
255 
256 
256 
256 
257 
257 
257 
257 
257 
257 
257 
257 
257 
257 
257 
256 
256 
255 
255 
255 
254 
254 
254 
254 
254 
254 
254 
254 
254 
254 
255 
255 
255 
256 
256 
256 
256 
257 
257 
257 
257 
257 
257 
257 
257 
257 
256 
256 
256 
255 
255 
255 
255 
254 
254 
254 
254 
254 
254 
254 
254 
254 
255 
255 
255 
256 
256 
256 
256 
257 
257 
257 
257 
257 
257 
257 
257 
257 
256 
256 
256 
255 
255 
255 
255 
254 
254 
254 
254 
254 
254 
254 
254 
254 
255 
255 
255 
256 
256 
256 
256 
257 
257 
257 
257 
257 
257 
257 
257 
257 
256 
256 
256 
255 
255 
255 
255 
254 
254 
254 
254 
254 
254 
254 
254 
254 
255 
255 
255 
256 
256 
256 
256 
257 
257 
257 
257 
257 
257 
257 
257 
257 
256 
256 
256 
255 
255 
255 
255 
254 
254 
254 
254 
254 
254 
254 
254 
254 
255 
255 
255 
256 
256 
256 
256 
257 
257 
257 
257 
257 
257 
257 
257 
257 
256 
256 
256 
255 
255 
255 
255 
254 
254 
254 
254 
254 
254 
254 
254 
254 
255 
255 
255 
256 
256 
256 
256 
257 
257 
257 
257 
257 
257 
257 
257 
257 
256 
256 
256 
255 
255 
255 
255 
254 
254 
254 
254 
254 
254 
254 
254 
254 
255 
255 
255 
256 
256 
256 
256 
257 
257 
257 
257 
257 
257 
257 
257 
257 
256 
256 
256 
255 
255 
255 
255 
254 
254 
254 
254 
254 
254 
254 
254 
254 
255 
255 
255 
256 
256 
256 
256 
257 
257 
257 
257 
257 
257 
257 
257 
257 
256 
256 
256 
255 
255 
255 
255 
254 
254 
254 
254 
254 
254 
254 
254 
254 
255 
255 
255 
256 
256 
256 
256 
257 
257 
257 
257 
257 
257 
257 
257 
257 
256 
256 
256 
255 
255 
255 
255 
254 
254 
254 
254 
254 
254 
254 
254 
254 
255 
255 
255 
256 
256 
256 
256 
257 
257 
257 
257 
257 
257 
257 
257 
257 
256 
256 
256 
255 
255 
255 
255 
254 
254 
254 
254 
254 
254 
254 
254 
254 
255 
255 
255 
256 
256 
256 
256 
257 
257 
257 
257 
257 
257 
257 
257 
257 
256 
256 
256 
255 
255 
255 
255 
254 
254 
254 
254 
254 
254 
254 
254 
254 
255 
255 
255 
256 
256 
256 
256 
257 
257 
257 
257 
257 
257 
257 
257 
257 
256 
256 
256 
255 
255 
255 
255 
254 
254 
254 
254 
254 
254 
254 
254 
255 
255 
255 
255 
256 
256 
256 
256 
257 
257 
257 
257 
257 
257 
257 
257 
256 
256 
256 
256 
255 
255 
255 
255 
254 
254 
254 
254 
254 
254 
254 
254 
255 
255 
255 
255 
256 
256 
256 
256 
257 
257 
257 
257 
257 
257 
257 
257 
256 
256 
256 
256 
255 
255 
255 
255 
255 
254 
254 
254 
254 
254 
254 
254 
255 
255 
255 
255 
256 
256 
256 
256 
256 
257 
257 
257 
257 
257 
257 
257 
256 
256 
256 
256 
255 
255 
255 
255 
255 
254 
254 
254 
254 
254 
254 
254 
255 
255 
255 
255 
256 
256 
256 
256 
256 
257 
256 
257 
257 
257 
257 
257 
256 
256 
256 
256 
255 
255 
255 
255 
255 
254 
254 
254 
254 
254 
254 
254 
255 
255 
255 
255 
256 
256 
256 
256 
256 
257 
257 
257 
257 
257 
257 
257 
256 
256 
256 
256 
255 
255 
255 
255 
255 
254 
254 
254 
254 
254 
254 
254 
255 
255 
255 
255 
256 
256 
256 
256 
256 
257 
257 
257 
257 
257 
257 
257 
256 
256 
256 
256 
255 
255 
255 
255 
255 
254 
254 
254 
254 
254 
254 
254 
255 
255 
255 
255 
256 
256 
256 
256 
256 
257 
257 
257 
257 
257 
257 
257 
256 
256 
256 
256 
255 
255 
255 
255 
255 
254 
254 
254 
254 
254 
254 
254 
255 
255 
255 
255 
256 
256 
256 
256 
256 
257 
257 
257 
257 
257 
257 
257 
256 
256 
256 
256 
255 
255 
255 
255 
255 
255 
255 
255 
255 
255 
255 
255 
255 
255 
255 
255 
255 
255 
255 
255 
255 
255 
255 
255 
255 
255 
255 
255 
255 
255 
255 
255 
255 
255 
255 
255 
255 
255 
255 
255 
255 
255 
255 
255 
255 
255 
255 
255 
255 
255 
255 
255 
255 
255 
255 
255 
255 
255 
255 
255 
255 
255 
255 
255 
255 
255 
255 
255 
255 
255 
255 
255 
255 
255 
255 
255 
255 
255 
255 
255 
255 
255 
255 
255 
255 
255 
255 
255 
255 
255 
255 
255 
255 
255 
255 
255 
255 
255 
255 
255 
255 
255 
255 
255 
255 
255 
255 
255 
255 
255 
255 
255 
255 
255 
255 
255 
255 
255 
255 
255 
255 
255 
255 
255 
255 
255 
255 
255 
255 
255 
255 
255 
255 
255 
255 
255 
255 
255 
255 
255 
255 
255 
255 
255 
255 
255 
255 
255 
255 
255 
255 
255 
255 
255 
255 
255 
255 
255 
255 
255 
255 
255 
255 
255 
255 
255 
255 
255 
255 
255 
255 
255 
255 
255 
255 
255 
255 
255 
255 
255 
255 
255 
255 
255 
255 
255 
255 
255 
255 
255 
255 
255 
255 
255 
255 
255 
255 
255 
255 
255 
255 
255 
255 
255 
255 
255 
255 
255 
255 
255 
255 
255 
255 
255 
255 
255 
255 
255 
255 
255 
255 
255 
255 
255 
255 
255 
255 
255 
255 
255 
255 
255 
255 
255 
255 
255 
255 
255 
255 
255 
255 
255 
255 
255 
255 
255 
255 
255 
255 
255 
255 
255 
255 
255 
255 
255 
255 
255 
255 
255 
255 
255 
255 
255 
255 
255 
255 
255 
255 
255 
255 
255 
255 
255 
255 
255 
255 
255 
255 
255 
255 
255 
255 
255 
255 
255 
255 
255 
255 
255 
255 
255 
255 
255 
255 
255 
255 
255 
255 
255 
255 
255 
255 
255 
255 
255 
255 
255 
255 
255 
255 
255 
255 
255 
255 
255 
255 
255 
255 
255 
255 
255 
255 
255 
255 
255 
255 
255 
255 
255 
255 
255 
255 
255 
255 
255 
255 
255 
255 
255 
255 
255 
255 
255 
255 
255 
255 
255 
255 
255 
255 
255 
255 
255 
255 
255 
255 
255 
255 
255 
255 
255 
255 
255 
255 
255 
255 
255 
255 
255 
255 
255 
255 
255 
255 
255 
255 
255 
255 
255 
255 
255 
255 
255 
255 
255 
255 
255 
255 
255 
255 
255 
255 
255 
255 
255 
255 
255 
255 
255 
255 
255 
255 
255 
255 
255 
255 
255 
255 
255 
255 
255 
255 
255 
255 
255 
255 
255 
255 
255 
255 
255 
255 
255 
255 
255 
255 
255 
255 
255 
255 
255 
255 
255 
255 
255 
255 
255 
255 
255 
255 
255 
255 
255 
255 
255 
255 
255 
255 
255 
255 
255 
255 
255 
255 
255 
255 
255 
255 
255 
255 
255 
255 
255 
255 
255 
255 
255 
255 
255 
255 
255 
255 
255 
255 
255 
255 
255 
255 
255 
255 
255 
255 
255 
255 
255 
255 
255 
255 
255 
255 
255 
255 
255 
255 
255 
255 
255 
255 
255 
255 
255 
255 
255 
255 
255 
255 
255 
255 
255 
255 
255 
255 
255 
255 
255 
255 
255 
255 
255 
255 
255 
255 
255 
255 
255 
255 
255 
255 
255 
255 
255 
255 
255 
255 
255 
255 
255 
255 
255 
255 
255 
255 
255 
255 
255 
255 
255 
255 
255 
255 
255 
255 
255 
255 
255 
255 
255 
255 
255 
255 
255 
255 
255 
255 
255 
255 
255 
255 
255 
255 
255 
255 
255 
255 
255 
255 
255 
255 
255 
255 
255 
255 
255 
255 
255 
255 
255 
255 
255 
255 
255 
255 
255 
255 
255 
255 
255 
255 
255 
255 
255 
255 
255 
255 
255 
255 
255 
255 
255 
255 
255 
255 
255 
255 
255 
255 
255 
255 
255 
255 
255 
255 
255 
255 
255 
255 
255 
255 
255 
255 
255 
255 
255 
255 
255 
255 
255 
255 
255 
255 
255 
255 
255 
255 
255 
255 
255 
255 
255 
255 
255 
255 
255 
255 
255 
255 
255 
255 
255 
255 
255 
255 
255 
255 
255 
255 
255 
255 
255 
255 
255 
255 
255 
255 
255 
255 
255 
255 
255 
255 
255 
255 
255 
255 
255 
255 
255 
255 
255 
255 
255 
255 
255 
255 
255 
255 
255 
255 
255 
255 
255 
255 
255 
255 
255 
255 
255 
255 
255 
255 
255 
255 
255 
255 
255 
255 
255 
255 
255 
255 
255 
255 
255 
255 
255 
255 
255 
255 
255 
255 
255 
255 
255 
255 
255 
255 
255 
255 
255 
255 
255 
255 
255 
255 
255 
255 
255 
255 
255 
255 
255 
255 
255 
255 
255 
255 
255 
255 
255 
255 
255 
255 
255 
255 
255 
255 
255 
255 
255 
255 
255 
255 
255 
255 
255 
255 
255 
255 
255 
255 
255 
255 
255 
255 
255 
255 
255 
255 
255 
255 
255 
255 
255 
255 
255 
255 
255 
255 
255 
255 
255 
255 
255 
255 
255 
255 
255 
255 
255 
255 
255 
255 
255 
255 
255 
255 
255 
255 
255 
255 
255 
255 
255 
255 
255 
255 
255 
255 
255 
255 
255 
255 
255 
255 
255 
255 
255 
255 
255 
255 
255 
255 
255 
255 
255 
255 
255 
255 
255 
255 
255 
255 
255 
255 
255 
255 
255 
255 
255 
255 
255 
255 
255 
255 
255 
255 
255 
255 
255 
255 
255 
255 
255 
255 
255 
255 
255 
255 
255 
255 
255 
255 
255 
255 
255 
255 
255 
255 
255 
255 
255 
255 
255 
255 
255 
255 
255 
255 
255 
255 
255 
255 
255 
255 
255 
255 
255 
255 
255 
255 
255 
255 
255 
255 
255 
255 
255 
255 
255 
255 
255 
255 
255 
255 
255 
255 
255 
255 
255 
255 
255 
255 
255 
255 
255 
255 
255 
255 
255 
255 
255 
255 
255 
255 
255 
255 
255 
255 
255 
255 
255 
255 
255 
255 
255 
255 
255 
255 
255 
255 
255 
255 
255 
255 
255 
255 
255 
255 
255 
255 
255 
255 
255 
255 
255 
255 
255 
255 
255 
255 
255 
255 
255 
255 
255 
255 
255 
255 
255 
255 
255 
255 
255 
255 
255 
255 
255 
255 
255 
255 
255 
255 
255 
255 
255 
255 
255 
255 
255 
255 
255 
255 
255 
255 
255 
255 
255 
255 
255 
255 
255 
255 
255 
255 
255 
255 
255 
255 
255 
255 
255 
255 
255 
255 
255 
255 
255 
255 
255 
255 
255 
255 
255 
255 
255 
255 
255 
255 
255 
255 
255 
255 
255 
255 
255 
255 
255 
255 
255 
255 
255 
255 
255 
255 
255 
255 
255 
255 
255 
255 
255 
255 
255 
255 
255 
255 
255 
255 
255 
255 
255 
255 
255 
255 
255 
255 
255 
255 
255 
255 
255 
255 
255 
255 
255 
255 
255 
255 
255 
255 
255 
255 
255 
255 
255 
255 
255 
255 
255 
255 
255 
255 
255 
255 
255 
255 
255 
255 
255 
255 
255 
255 
255 
255 
255 
255 
255 
255 
255 
255 
255 
255 
255 
255 
255 
255 
255 
255 
255 
255 
255 
255 
255 
255 
255 
255 
255 
255 
255 
255 
255 
255 
255 
255 
255 
255 
255 
255 
255 
255 
255 
255 
255 
255 
255 
255 
255 
255 
255 
255 
255 
255 
255 
255 
255 
255 
255 
255 
255 
255 
255 
255 
255 
255 
255 
255 
255 
255 
255 
255 
255 
255 
255 
255 
255 
255 
255 
255 
255 
255 
255 
255 
255 
255 
255 
255 
255 
255 
255 
255 
255 
255 
255 
255 
255 
255 
255 
255 
255 
255 
255 
255 
255 
255 
255 
255 
255 
255 
255 
255 
255 
255 
255 
255 
255 
255 
255 
255 
255 
255 
255 
255 
255 
255 
255 
255 
255 
255 
255 
255 
255 
255 
255 
255 
255 
255 
255 
255 
255 
255 
255 
255 
255 
255 
255 
255 
255 
255 
255 
255 
255 
255 
255 
255 
255 
255 
255 
255 
255 
255 
255 
255 
255 
255 
255 
255 
255 
255 
255 
255 
255 
255 
255 
255 
255 
255 
255 
255 
255 
255 
255 
255 
255 
255 
255 
255 
255 
255 
255 
255 
255 
255 
255 
255 
255 
255 
255 
255 
255 
255 
255 
255 
255 
255 
255 
255 
255 
255 
255 
255 
255 
255 
255 
255 
255 
255 
255 
255 
255 
255 
255 
255 
255 
255 
255 
255 
255 
255 
255 
255 
255 
255 
255 
255 
255 
255 
255 
255 
255 
255 
255 
255 
255 
255 
255 
255 
255 
255 
255 
255 
255 
255 
255 
255 
255 
255 
255 
255 
255 
255 
255 
255 
255 
255 
255 
255 
255 
255 
255 
255 
255 
255 
255 
255 
255 
255 
255 
255 
255 
255 
255 
255 
255 
255 
255 
255 
255 
255 
255 
255 
255 
255 
255 
255 
255 
255 
255 
255 
255 
255 
255 
255 
255 
255 
255 
255 
255 
255 
255 
255 
255 
255 
255 
255 
255 
255 
255 
255 
255 
255 
255 
255 
255 
255 
255 
255 
255 
255 
255 
255 
255 
255 
255 
255 
255 
255 
255 
255 
255 
255 
255 
255 
255 
255 
255 
255 
255 
255 
255 
255 
255 
255 
255 
255 
255 
255 
255 
255 
255 
255 
255 
255 
255 
255 
255 
255 
255 
255 
255 
255 
255 
255 
255 
255 
255 
255 
255 
255 
255 
255 
255 
255 
255 
255 
255 
255 
255 
255 
255 
255 
255 
255 
255 
255 
255 
255 
255 
255 
255 
255 
255 
255 
255 
255 
255 
255 
255 
255 
255 
255 
255 
255 
255 
255 
255 
255 
255 
255 
255 
255 
255 
255 
255 
255 
255 
255 
255 
255 
255 
255 
255 
255 
255 
255 
255 
255 
255 
255 
255 
255 
255 
255 
255 
255 
255 
255 
255 
255 
255 
255 
255 
255 
255 
255 
255 
255 
255 
255 
255 
255 
255 
255 
255 
255 
255 
255 
255 
255 
255 
255 
255 
255 
255 
255 
255 
255 
255 
255 
255 
255 
255 
255 
255 
255 
255 
255 
255 
255 
255 
255 
255 
255 
255 
255 
255 
255 
255 
255 
255 
255 
255 
255 
255 
255 
255 
255 
255 
255 
255 
255 
255 
255 
255 
255 
255 
255 
255 
255 
255 
255 
255 
255 
255 
255 
255 
255 
255 
255 
255 
255 
255 
255 
255 
255 
255 
255 
255 
255 
255 
255 
255 
255 
255 
255 
255 
255 
255 
255 
255 
255 
255 
255 
255 
255 
255 
255 
255 
255 
255 
255 
255 
255 
255 
255 
255 
255 
255 
255 
255 
255 
255 
255 
255 
255 
255 
255 
255 
255 
255 
255 
255 
255 
255 
255 
255 
255 
255 
255 
255 
255 
255 
255 
255 
255 
255 
255 
255 
255 
255 
255 
255 
255 
255 
255 
255 
255 
255 
255 
255 
255 
255 
255 
255 
255 
255 
255 
255 
255 
255 
255 
255 
255 
255 
255 
255 
255 
255 
255 
255 
255 
255 
255 
255 
255 
255 
255 
255 
255 
255 
255 
255 
255 
255 
255 
255 
255 
255 
255 
255 
255 
255 
255 
255 
255 
255 
255 
255 
255 
255 
255 
255 
255 
255 
255 
255 
255 
255 
255 
255 
255 
255 
255 
255 
255 
255 
255 
255 
255 
255 
255 
255 
255 
255 
255 
255 
255 
255 
255 
255 
255 
255 
255 
255 
255 
255 
255 
255 
255 
255 
255 
255 
255 
255 
255 
255 
255 
255 
255 
255 
255 
255 
255 
255 
255 
255 
255 
255 
255 
255 
255 
255 
255 
255 
255 
255 
255 
255 
255 
255 
255 
255 
255 
255 
255 
255 
255 
255 
255 
255 
255 
255 
255 
255 
255 
255 
255 
255 
255 
255 
255 
255 
255 
255 
255 
255 
255 
255 
255 
255 
255 
255 
255 
255 
255 
255 
255 
255 
255 
255 
255 
255 
255 
255 
255 
255 
255 
255 
255 
255 
255 
255 
255 
255 
255 
255 
255 
255 
255 
255 
255 
255 
255 
255 
255 
255 
255 
255 
255 
255 
255 
255 
255 
255 
255 
255 
255 
255 
255 
255 
255 
255 
255 
255 
255 
255 
255 
255 
255 
255 
255 
255 
255 
255 
255 
255 
255 
255 
255 
255 
255 
255 
255 
255 
255 
255 
255 
255 
255 
255 
255 
255 
255 
255 
255 
255 
255 
255 
255 
255 
255 
255 
255 
255 
255 
255 
255 
255 
255 
255 
255 
255 
255 
255 
255 
255 
255 
255 
255 
255 
255 
255 
255 
255 
255 
255 
255 
255 
255 
255 
