253 
253 
252 
252 
250 
250 
248 
245 
244 
241 
236 
230 
222 
213 
203 
188 
168 
137 
107 
72 
39 
14 
20 
74 
179 
248 
210 
152 
103 
63 
34 
16 
12 
28 
44 
67 
91 
115 
136 
154 
166 
178 
182 
188 
192 
195 
196 
199 
201 
201 
199 
199 
198 
198 
196 
196 
195 
195 
194 
194 
192 
192 
191 
188 
186 
186 
185 
185 
183 
183 
182 
179 
178 
178 
176 
176 
175 
175 
173 
173 
172 
172 
170 
170 
169 
166 
165 
165 
164 
164 
162 
162 
161 
161 
159 
159 
158 
162 
161 
158 
157 
157 
156 
156 
156 
156 
153 
153 
152 
152 
152 
152 
150 
150 
149 
149 
148 
144 
144 
144 
143 
143 
141 
141 
140 
140 
139 
139 
138 
138 
137 
136 
135 
135 
134 
132 
131 
133 
132 
132 
131 
131 
129 
127 
126 
126 
124 
124 
123 
123 
122 
122 
121 
121 
120 
120 
119 
120 
117 
117 
116 
122 
121 
121 
120 
118 
117 
117 
116 
118 
117 
118 
117 
116 
115 
113 
113 
113 
111 
111 
110 
110 
109 
109 
108 
108 
107 
107 
105 
106 
105 
105 
104 
104 
103 
103 
102 
102 
101 
101 
100 
100 
99 
99 
99 
99 
97 
97 
96 
96 
96 
96 
95 
95 
94 
93 
92 
93 
93 
93 
92 
92 
91 
91 
90 
96 
96 
96 
95 
93 
92 
92 
91 
93 
92 
92 
92 
92 
92 
92 
91 
91 
90 
88 
87 
86 
87 
87 
86 
87 
87 
87 
86 
86 
85 
85 
84 
84 
84 
82 
81 
81 
80 
80 
80 
81 
80 
80 
80 
80 
79 
79 
78 
78 
78 
78 
77 
75 
75 
75 
74 
75 
75 
75 
74 
74 
73 
73 
73 
81 
80 
80 
79 
79 
79 
79 
78 
78 
78 
78 
77 
77 
76 
76 
76 
76 
75 
75 
75 
75 
74 
74 
74 
74 
73 
73 
73 
73 
72 
72 
72 
73 
72 
72 
71 
72 
71 
71 
71 
71 
69 
70 
70 
70 
69 
69 
69 
69 
68 
68 
68 
68 
67 
67 
67 
68 
67 
67 
67 
67 
67 
67 
66 
73 
73 
73 
73 
73 
72 
72 
73 
73 
72 
72 
71 
71 
71 
71 
71 
71 
71 
71 
71 
70 
70 
70 
70 
70 
70 
70 
70 
70 
69 
69 
69 
69 
69 
69 
68 
68 
68 
68 
68 
68 
68 
68 
68 
68 
68 
68 
67 
67 
67 
67 
67 
67 
67 
67 
67 
67 
66 
66 
66 
66 
66 
66 
66 
73 
73 
73 
73 
73 
72 
72 
72 
72 
72 
72 
72 
72 
72 
72 
72 
72 
72 
72 
72 
72 
71 
72 
71 
72 
71 
71 
71 
72 
71 
71 
71 
71 
71 
72 
71 
71 
72 
72 
72 
72 
71 
71 
71 
72 
72 
71 
72 
71 
72 
72 
71 
72 
72 
72 
71 
71 
71 
72 
71 
72 
72 
72 
72 
79 
79 
79 
79 
79 
79 
78 
79 
79 
79 
79 
79 
79 
79 
79 
79 
79 
79 
79 
79 
79 
79 
79 
80 
80 
80 
80 
80 
80 
80 
80 
80 
80 
80 
80 
80 
80 
81 
81 
81 
80 
81 
81 
81 
81 
81 
81 
81 
81 
81 
81 
81 
81 
82 
82 
82 
82 
82 
82 
82 
82 
82 
82 
83 
90 
90 
90 
91 
91 
91 
91 
91 
91 
91 
91 
91 
92 
91 
91 
91 
91 
93 
92 
93 
92 
93 
93 
93 
93 
93 
92 
93 
93 
93 
94 
93 
93 
94 
95 
94 
94 
95 
95 
95 
95 
95 
95 
96 
95 
96 
95 
96 
96 
96 
96 
96 
96 
96 
96 
97 
97 
97 
97 
98 
98 
98 
98 
99 
105 
106 
106 
106 
106 
107 
106 
107 
107 
107 
107 
108 
108 
108 
108 
109 
109 
109 
109 
109 
109 
110 
110 
110 
110 
111 
111 
111 
111 
112 
112 
112 
112 
113 
112 
113 
113 
113 
113 
113 
114 
114 
114 
115 
114 
116 
115 
116 
115 
116 
117 
116 
116 
117 
118 
117 
117 
118 
118 
118 
118 
119 
119 
119 
125 
126 
126 
126 
126 
127 
127 
128 
128 
128 
128 
129 
128 
129 
128 
129 
129 
129 
129 
130 
130 
131 
131 
131 
131 
132 
132 
132 
132 
133 
133 
134 
134 
134 
134 
135 
135 
135 
135 
136 
136 
137 
137 
137 
137 
138 
138 
138 
138 
139 
139 
140 
140 
140 
140 
141 
141 
142 
142 
142 
142 
143 
143 
144 
148 
149 
149 
150 
150 
150 
149 
151 
151 
151 
151 
151 
151 
152 
152 
151 
151 
153 
152 
153 
153 
153 
153 
154 
154 
155 
155 
156 
156 
156 
156 
157 
157 
158 
158 
158 
159 
159 
159 
160 
160 
160 
160 
161 
161 
162 
162 
163 
163 
163 
163 
164 
164 
165 
165 
166 
166 
166 
166 
167 
167 
168 
168 
169 
172 
173 
172 
174 
172 
173 
173 
174 
174 
175 
175 
175 
175 
176 
176 
177 
177 
178 
178 
178 
178 
179 
179 
180 
180 
181 
181 
181 
181 
182 
182 
183 
183 
184 
184 
184 
184 
185 
185 
186 
186 
187 
186 
188 
188 
188 
188 
189 
189 
190 
190 
191 
189 
191 
190 
191 
191 
191 
191 
192 
192 
193 
193 
194 
197 
197 
197 
198 
198 
199 
198 
200 
200 
200 
200 
201 
201 
202 
202 
203 
203 
204 
204 
204 
203 
205 
205 
206 
206 
207 
207 
208 
208 
208 
208 
209 
207 
210 
207 
209 
208 
210 
209 
211 
211 
211 
212 
212 
211 
213 
213 
213 
213 
214 
214 
215 
215 
216 
216 
216 
216 
217 
217 
218 
218 
219 
219 
220 
221 
222 
222 
223 
223 
223 
223 
224 
224 
225 
225 
226 
224 
227 
225 
226 
226 
227 
227 
227 
227 
228 
228 
229 
229 
230 
230 
231 
231 
231 
231 
232 
232 
233 
233 
234 
234 
235 
235 
236 
236 
236 
236 
237 
237 
238 
238 
239 
239 
240 
240 
240 
239 
241 
240 
240 
240 
241 
241 
242 
242 
243 
243 
244 
244 
245 
245 
246 
246 
246 
246 
247 
247 
248 
248 
249 
249 
250 
250 
250 
250 
251 
251 
252 
252 
253 
253 
254 
254 
254 
254 
255 
255 
256 
254 
257 
255 
256 
256 
257 
257 
257 
257 
258 
258 
259 
259 
260 
260 
261 
261 
261 
261 
262 
262 
263 
263 
264 
264 
265 
265 
265 
265 
266 
266 
267 
267 
268 
267 
268 
268 
269 
269 
269 
269 
270 
270 
271 
271 
272 
272 
272 
272 
273 
273 
274 
274 
275 
275 
275 
275 
276 
276 
277 
277 
278 
278 
278 
278 
279 
279 
280 
280 
280 
280 
281 
281 
282 
282 
283 
283 
283 
283 
284 
284 
285 
285 
286 
286 
286 
286 
287 
288 
288 
288 
288 
288 
289 
290 
291 
291 
292 
290 
291 
291 
292 
292 
292 
292 
293 
293 
294 
294 
294 
294 
295 
295 
296 
296 
296 
296 
297 
297 
298 
298 
298 
298 
299 
299 
300 
300 
300 
300 
301 
301 
302 
302 
302 
302 
303 
303 
304 
304 
304 
304 
305 
305 
306 
306 
306 
306 
307 
307 
307 
307 
308 
308 
309 
309 
309 
309 
310 
310 
311 
311 
311 
309 
310 
310 
310 
310 
311 
311 
312 
312 
312 
312 
313 
313 
313 
313 
314 
314 
314 
314 
315 
315 
316 
316 
316 
316 
317 
317 
317 
317 
318 
318 
318 
318 
319 
319 
320 
320 
320 
320 
321 
321 
321 
321 
322 
322 
322 
322 
323 
323 
324 
324 
324 
324 
325 
325 
325 
325 
326 
326 
326 
326 
327 
327 
327 
324 
325 
325 
325 
325 
326 
326 
326 
326 
328 
328 
328 
328 
329 
329 
329 
329 
330 
330 
330 
330 
331 
331 
331 
331 
332 
332 
332 
332 
334 
333 
333 
334 
335 
334 
334 
334 
335 
335 
335 
335 
335 
336 
336 
336 
336 
336 
338 
338 
338 
337 
339 
339 
338 
338 
339 
339 
340 
339 
340 
339 
341 
341 
341 
338 
337 
338 
337 
338 
338 
338 
339 
338 
340 
339 
340 
340 
340 
339 
340 
341 
340 
341 
341 
341 
342 
342 
342 
342 
343 
343 
343 
343 
343 
343 
344 
344 
344 
344 
344 
344 
344 
344 
345 
345 
345 
345 
346 
346 
346 
346 
346 
346 
347 
347 
347 
347 
347 
347 
348 
348 
348 
348 
348 
348 
348 
348 
349 
345 
345 
345 
345 
345 
346 
346 
346 
346 
346 
346 
346 
346 
347 
347 
347 
347 
347 
347 
347 
347 
348 
348 
348 
348 
348 
348 
348 
348 
349 
349 
349 
349 
349 
349 
349 
349 
350 
350 
350 
350 
350 
350 
350 
350 
350 
350 
351 
351 
351 
351 
351 
351 
351 
351 
351 
351 
352 
352 
352 
352 
352 
352 
352 
348 
348 
348 
348 
348 
349 
349 
349 
349 
349 
349 
349 
349 
349 
349 
349 
349 
349 
349 
350 
350 
350 
350 
350 
350 
350 
350 
350 
350 
350 
350 
350 
350 
350 
350 
350 
350 
351 
351 
351 
351 
351 
351 
351 
351 
351 
351 
351 
351 
351 
351 
351 
351 
351 
351 
351 
351 
351 
351 
351 
351 
351 
351 
352 
348 
348 
348 
348 
348 
348 
348 
348 
348 
348 
348 
348 
348 
348 
348 
348 
348 
348 
348 
348 
348 
348 
348 
348 
348 
348 
348 
348 
348 
348 
348 
348 
348 
348 
348 
348 
348 
348 
348 
348 
348 
348 
348 
348 
348 
348 
348 
348 
348 
348 
348 
348 
348 
348 
348 
348 
348 
348 
348 
347 
347 
347 
347 
347 
344 
344 
344 
343 
343 
343 
343 
343 
343 
343 
343 
343 
343 
343 
343 
343 
343 
343 
343 
343 
343 
343 
343 
343 
343 
342 
342 
342 
342 
342 
342 
342 
342 
342 
342 
342 
342 
342 
342 
342 
342 
342 
342 
341 
341 
341 
341 
341 
340 
341 
341 
341 
340 
341 
341 
341 
341 
341 
340 
339 
340 
340 
340 
340 
336 
336 
335 
335 
335 
335 
335 
335 
335 
335 
335 
335 
335 
334 
334 
334 
334 
335 
334 
334 
335 
334 
334 
333 
333 
334 
333 
333 
333 
333 
333 
333 
333 
332 
332 
332 
332 
332 
332 
332 
332 
332 
332 
331 
331 
331 
331 
331 
331 
331 
331 
331 
331 
330 
330 
330 
330 
330 
330 
330 
330 
329 
329 
329 
326 
326 
326 
326 
326 
325 
325 
325 
325 
325 
325 
325 
325 
324 
324 
324 
324 
324 
324 
324 
324 
323 
323 
323 
323 
323 
323 
323 
323 
322 
322 
322 
322 
322 
322 
321 
321 
321 
321 
321 
321 
321 
321 
320 
320 
320 
320 
320 
320 
319 
319 
319 
319 
319 
319 
318 
318 
318 
318 
318 
318 
318 
318 
317 
315 
314 
314 
314 
314 
314 
314 
313 
313 
313 
313 
313 
313 
313 
313 
312 
312 
312 
312 
312 
312 
311 
311 
311 
311 
311 
311 
310 
310 
310 
310 
310 
310 
309 
309 
309 
309 
309 
309 
308 
308 
308 
308 
308 
308 
307 
307 
307 
307 
307 
307 
306 
306 
306 
306 
306 
306 
305 
305 
305 
305 
305 
305 
304 
302 
302 
302 
301 
301 
301 
301 
301 
301 
300 
300 
300 
300 
300 
300 
299 
299 
299 
299 
299 
299 
298 
298 
298 
298 
297 
297 
297 
297 
297 
297 
296 
296 
296 
296 
296 
296 
295 
295 
295 
295 
294 
294 
294 
294 
294 
294 
293 
293 
293 
293 
293 
293 
292 
292 
292 
292 
290 
291 
291 
291 
291 
291 
290 
289 
288 
288 
288 
288 
288 
287 
286 
286 
286 
286 
285 
285 
285 
285 
285 
285 
284 
284 
284 
284 
284 
284 
283 
283 
283 
283 
282 
282 
282 
282 
282 
282 
281 
281 
281 
281 
280 
280 
280 
280 
280 
280 
279 
279 
279 
279 
278 
278 
278 
278 
278 
278 
277 
277 
277 
277 
276 
276 
276 
276 
275 
275 
275 
274 
274 
274 
273 
273 
273 
273 
273 
273 
272 
272 
272 
272 
272 
272 
271 
271 
271 
271 
270 
270 
270 
270 
270 
270 
269 
269 
269 
269 
268 
268 
268 
268 
268 
268 
267 
267 
267 
267 
266 
266 
266 
266 
265 
265 
265 
265 
265 
265 
264 
264 
264 
264 
263 
263 
263 
263 
263 
263 
262 
262 
262 
262 
261 
261 
261 
261 
260 
260 
260 
260 
260 
260 
259 
259 
259 
259 
258 
258 
258 
258 
258 
258 
257 
257 
257 
257 
256 
256 
256 
256 
256 
256 
255 
255 
255 
255 
255 
255 
254 
254 
254 
254 
253 
253 
253 
253 
253 
253 
252 
252 
252 
252 
251 
251 
251 
251 
251 
251 
250 
250 
250 
250 
249 
249 
249 
249 
249 
249 
249 
249 
248 
248 
248 
248 
247 
247 
247 
247 
247 
247 
246 
246 
246 
246 
246 
246 
245 
245 
245 
245 
244 
244 
244 
244 
244 
244 
243 
243 
243 
243 
243 
243 
242 
242 
242 
242 
242 
242 
241 
241 
241 
241 
240 
240 
240 
240 
240 
240 
239 
239 
239 
239 
239 
239 
238 
238 
238 
238 
238 
238 
237 
238 
238 
238 
237 
237 
237 
237 
237 
237 
236 
236 
236 
236 
236 
236 
235 
235 
235 
235 
235 
235 
234 
234 
234 
234 
234 
234 
233 
233 
233 
233 
233 
233 
232 
232 
232 
232 
232 
232 
231 
231 
231 
231 
231 
231 
230 
230 
230 
230 
230 
230 
229 
229 
229 
229 
229 
229 
228 
228 
228 
228 
228 
228 
227 
229 
228 
228 
228 
228 
228 
228 
227 
227 
227 
227 
227 
227 
227 
227 
226 
226 
226 
226 
226 
226 
225 
225 
225 
225 
225 
225 
225 
225 
224 
224 
224 
224 
224 
224 
223 
223 
223 
223 
223 
223 
223 
223 
222 
222 
222 
222 
222 
222 
221 
221 
221 
221 
221 
221 
221 
221 
220 
220 
220 
220 
220 
220 
220 
221 
221 
221 
221 
221 
220 
220 
220 
220 
220 
220 
220 
220 
219 
219 
219 
219 
219 
219 
219 
219 
218 
218 
218 
218 
218 
218 
218 
218 
217 
217 
217 
217 
217 
217 
217 
217 
216 
216 
216 
216 
216 
216 
216 
216 
216 
216 
216 
215 
215 
215 
215 
215 
215 
215 
215 
215 
214 
214 
214 
214 
214 
214 
214 
215 
215 
215 
215 
215 
215 
215 
215 
215 
214 
214 
214 
214 
214 
214 
214 
214 
215 
214 
214 
214 
213 
213 
213 
213 
214 
213 
213 
213 
213 
214 
212 
213 
213 
212 
213 
213 
212 
213 
213 
213 
212 
212 
212 
211 
212 
212 
212 
212 
211 
212 
212 
212 
212 
212 
211 
210 
210 
211 
211 
211 
211 
211 
211 
212 
213 
212 
213 
213 
212 
211 
211 
211 
211 
211 
211 
212 
212 
211 
212 
212 
212 
211 
211 
211 
211 
211 
210 
211 
211 
211 
211 
211 
211 
211 
211 
211 
210 
210 
211 
210 
210 
210 
210 
210 
210 
210 
210 
210 
209 
210 
210 
209 
209 
210 
210 
210 
210 
210 
210 
210 
209 
209 
209 
209 
209 
209 
208 
211 
211 
211 
211 
210 
211 
211 
211 
211 
211 
211 
211 
211 
210 
211 
210 
211 
211 
211 
210 
210 
210 
210 
210 
210 
210 
210 
209 
209 
210 
210 
210 
210 
210 
210 
210 
210 
210 
210 
210 
210 
209 
209 
209 
210 
210 
210 
210 
210 
210 
210 
210 
209 
210 
210 
210 
209 
210 
209 
210 
209 
210 
210 
209 
211 
211 
211 
211 
211 
211 
210 
211 
211 
211 
211 
211 
211 
211 
211 
211 
211 
210 
211 
211 
210 
211 
211 
211 
211 
211 
211 
210 
211 
211 
211 
211 
211 
210 
210 
211 
211 
211 
211 
210 
211 
211 
211 
211 
211 
211 
210 
211 
210 
210 
211 
211 
211 
211 
211 
210 
211 
211 
211 
211 
211 
212 
212 
211 
212 
212 
213 
213 
214 
213 
213 
213 
213 
213 
213 
214 
214 
213 
213 
213 
213 
213 
213 
213 
213 
213 
213 
213 
213 
213 
213 
213 
213 
213 
213 
213 
213 
213 
214 
213 
213 
214 
213 
214 
214 
213 
213 
214 
214 
214 
214 
214 
214 
214 
214 
214 
214 
214 
215 
214 
214 
214 
214 
214 
214 
214 
214 
214 
216 
216 
216 
216 
216 
216 
216 
216 
216 
216 
216 
216 
216 
217 
217 
217 
217 
217 
217 
217 
217 
217 
217 
217 
217 
217 
217 
217 
217 
217 
217 
217 
218 
218 
218 
218 
218 
218 
218 
218 
218 
218 
218 
218 
218 
218 
218 
218 
218 
218 
218 
218 
218 
219 
219 
219 
219 
219 
219 
219 
219 
219 
219 
219 
221 
221 
221 
221 
221 
221 
221 
221 
221 
221 
221 
221 
221 
222 
222 
222 
222 
222 
222 
222 
222 
222 
222 
222 
222 
222 
222 
222 
222 
223 
223 
223 
223 
223 
223 
223 
223 
223 
223 
223 
223 
223 
223 
224 
224 
224 
224 
224 
224 
224 
224 
224 
224 
224 
224 
225 
225 
225 
225 
225 
225 
225 
225 
225 
226 
227 
227 
227 
227 
227 
227 
227 
227 
227 
227 
227 
227 
227 
227 
228 
228 
228 
228 
228 
228 
228 
228 
228 
228 
228 
228 
229 
229 
229 
229 
229 
229 
229 
229 
229 
229 
229 
229 
230 
230 
230 
230 
230 
230 
230 
230 
230 
230 
230 
230 
231 
231 
231 
231 
231 
231 
231 
231 
231 
231 
231 
231 
232 
233 
233 
233 
233 
233 
233 
233 
233 
233 
234 
234 
234 
234 
234 
234 
234 
234 
234 
234 
234 
234 
235 
235 
235 
235 
235 
235 
235 
235 
235 
235 
236 
236 
236 
236 
236 
236 
236 
236 
236 
236 
237 
237 
237 
237 
237 
237 
237 
237 
237 
237 
237 
237 
238 
238 
238 
238 
238 
238 
238 
238 
238 
238 
239 
239 
240 
240 
240 
240 
240 
240 
240 
240 
240 
240 
241 
241 
241 
241 
241 
241 
241 
241 
241 
241 
241 
241 
242 
242 
242 
242 
242 
242 
242 
242 
242 
242 
243 
243 
243 
243 
243 
243 
243 
243 
243 
243 
244 
244 
244 
244 
244 
244 
244 
244 
244 
244 
245 
245 
245 
245 
245 
245 
245 
245 
246 
246 
246 
246 
246 
246 
247 
247 
247 
247 
247 
247 
247 
247 
247 
247 
247 
247 
248 
248 
248 
248 
248 
248 
248 
248 
248 
248 
249 
249 
249 
249 
249 
249 
249 
249 
249 
249 
250 
250 
250 
250 
250 
250 
250 
250 
251 
251 
251 
251 
251 
251 
251 
251 
251 
251 
252 
252 
252 
252 
252 
252 
252 
252 
252 
252 
253 
253 
253 
253 
253 
253 
253 
254 
254 
254 
254 
254 
254 
254 
254 
254 
255 
255 
255 
255 
255 
255 
255 
255 
255 
255 
255 
255 
255 
255 
256 
256 
256 
256 
256 
256 
256 
256 
256 
256 
256 
256 
256 
256 
256 
256 
256 
256 
256 
256 
256 
256 
256 
256 
256 
256 
256 
256 
256 
256 
256 
256 
256 
256 
256 
256 
256 
256 
256 
256 
256 
256 
256 
256 
256 
256 
256 
256 
256 
256 
256 
256 
256 
256 
256 
256 
256 
256 
256 
256 
256 
256 
256 
256 
256 
256 
256 
256 
256 
256 
256 
256 
256 
256 
256 
256 
256 
256 
256 
256 
256 
256 
256 
256 
256 
256 
256 
256 
256 
256 
256 
256 
256 
256 
256 
256 
256 
256 
256 
256 
256 
256 
256 
256 
256 
256 
256 
256 
256 
256 
256 
256 
256 
256 
256 
256 
256 
256 
256 
256 
256 
256 
256 
256 
255 
255 
255 
255 
255 
255 
255 
255 
255 
255 
255 
255 
255 
255 
255 
255 
255 
255 
255 
255 
255 
255 
255 
255 
255 
255 
255 
255 
255 
255 
255 
255 
255 
255 
255 
255 
255 
255 
255 
255 
255 
255 
255 
255 
255 
255 
255 
255 
255 
255 
255 
255 
255 
255 
255 
255 
255 
255 
255 
255 
255 
255 
255 
255 
255 
255 
255 
255 
255 
255 
255 
255 
255 
255 
255 
255 
255 
255 
255 
255 
255 
255 
255 
255 
255 
255 
255 
255 
255 
255 
255 
255 
255 
255 
255 
255 
255 
255 
255 
255 
255 
255 
255 
255 
255 
255 
255 
255 
255 
255 
255 
255 
255 
255 
255 
255 
255 
255 
255 
255 
255 
255 
255 
255 
255 
255 
255 
255 
255 
255 
255 
255 
255 
255 
255 
255 
255 
255 
255 
255 
255 
255 
255 
255 
255 
255 
255 
255 
255 
255 
255 
255 
255 
255 
255 
255 
255 
255 
255 
255 
255 
255 
255 
255 
255 
255 
255 
255 
255 
255 
255 
255 
255 
255 
255 
255 
255 
255 
255 
255 
255 
255 
255 
255 
255 
255 
255 
255 
255 
255 
255 
255 
255 
255 
255 
255 
255 
255 
255 
255 
255 
255 
255 
255 
255 
255 
255 
255 
255 
255 
255 
255 
255 
255 
255 
255 
255 
255 
255 
255 
255 
255 
255 
255 
255 
255 
255 
255 
255 
255 
255 
255 
255 
255 
255 
255 
255 
255 
255 
255 
255 
255 
255 
255 
255 
255 
255 
255 
255 
255 
255 
255 
255 
255 
255 
255 
255 
255 
255 
255 
255 
255 
255 
255 
255 
255 
255 
255 
255 
255 
255 
255 
255 
255 
255 
255 
255 
255 
255 
255 
255 
255 
255 
255 
255 
255 
255 
255 
255 
255 
255 
255 
255 
255 
255 
255 
255 
255 
255 
255 
255 
255 
255 
255 
255 
255 
255 
255 
255 
255 
255 
255 
255 
255 
255 
255 
255 
255 
255 
255 
255 
255 
255 
255 
255 
255 
255 
255 
255 
255 
255 
255 
255 
255 
255 
255 
255 
255 
255 
255 
255 
255 
255 
255 
255 
255 
255 
255 
255 
255 
255 
255 
255 
255 
255 
255 
255 
255 
255 
255 
255 
255 
255 
255 
255 
255 
255 
255 
255 
255 
255 
255 
255 
255 
255 
255 
255 
255 
255 
255 
255 
255 
255 
255 
255 
255 
255 
255 
255 
255 
255 
255 
255 
255 
255 
255 
255 
255 
255 
255 
255 
255 
255 
255 
255 
255 
255 
255 
255 
255 
255 
255 
255 
255 
255 
255 
255 
255 
255 
255 
255 
255 
255 
255 
255 
255 
255 
255 
255 
255 
255 
255 
255 
255 
255 
255 
255 
255 
255 
255 
255 
255 
255 
255 
255 
255 
255 
255 
255 
255 
255 
255 
255 
255 
255 
255 
255 
255 
255 
255 
255 
255 
255 
255 
255 
255 
255 
255 
255 
255 
255 
255 
255 
255 
255 
255 
255 
255 
255 
255 
255 
255 
255 
255 
255 
255 
255 
255 
255 
255 
255 
255 
255 
255 
255 
255 
255 
255 
255 
255 
255 
255 
255 
255 
255 
255 
255 
255 
255 
255 
255 
255 
255 
255 
255 
255 
255 
255 
255 
255 
255 
255 
255 
255 
255 
255 
255 
255 
255 
255 
255 
255 
255 
255 
255 
255 
255 
255 
255 
255 
255 
255 
255 
255 
255 
255 
255 
255 
255 
255 
255 
255 
255 
255 
255 
255 
255 
255 
255 
255 
255 
255 
255 
255 
255 
255 
255 
255 
255 
255 
255 
255 
255 
255 
255 
255 
255 
255 
255 
255 
255 
255 
255 
255 
255 
255 
255 
255 
255 
255 
255 
255 
255 
255 
255 
255 
255 
255 
255 
255 
255 
255 
255 
255 
255 
255 
255 
255 
255 
255 
255 
255 
255 
255 
255 
255 
255 
255 
255 
255 
255 
255 
255 
255 
255 
255 
255 
255 
255 
255 
255 
255 
255 
255 
255 
255 
255 
255 
255 
255 
255 
255 
255 
255 
255 
255 
255 
255 
255 
255 
255 
255 
255 
255 
255 
255 
255 
255 
255 
255 
255 
255 
255 
255 
255 
255 
255 
255 
255 
255 
255 
255 
255 
255 
255 
255 
255 
255 
255 
255 
255 
255 
255 
255 
255 
255 
255 
255 
255 
255 
255 
255 
255 
255 
255 
255 
255 
255 
255 
255 
255 
255 
255 
255 
255 
255 
255 
255 
255 
255 
255 
255 
255 
255 
255 
255 
255 
255 
255 
255 
255 
255 
255 
255 
255 
255 
255 
255 
255 
255 
255 
255 
255 
255 
255 
255 
255 
255 
255 
255 
255 
255 
255 
255 
255 
255 
255 
255 
255 
255 
255 
255 
255 
255 
255 
255 
255 
255 
255 
255 
255 
255 
255 
255 
255 
255 
255 
255 
255 
255 
255 
255 
255 
255 
255 
255 
255 
255 
255 
255 
255 
255 
255 
255 
255 
255 
255 
255 
255 
255 
255 
255 
255 
255 
255 
255 
255 
255 
255 
255 
255 
255 
255 
255 
255 
255 
255 
255 
255 
255 
255 
255 
255 
255 
255 
255 
255 
255 
255 
255 
255 
255 
255 
255 
255 
255 
255 
255 
255 
255 
255 
255 
255 
255 
255 
255 
255 
255 
255 
255 
255 
255 
255 
255 
255 
255 
255 
255 
255 
255 
255 
255 
255 
255 
255 
255 
255 
255 
255 
255 
255 
255 
255 
255 
255 
255 
255 
255 
255 
255 
255 
255 
255 
255 
255 
255 
255 
255 
255 
255 
255 
255 
255 
255 
255 
255 
255 
255 
255 
255 
255 
255 
255 
255 
255 
255 
255 
255 
255 
255 
255 
255 
255 
255 
255 
255 
255 
255 
255 
255 
255 
255 
255 
255 
255 
255 
255 
255 
255 
255 
255 
255 
255 
255 
255 
255 
255 
255 
255 
255 
255 
255 
255 
255 
255 
255 
255 
255 
255 
255 
255 
255 
255 
255 
255 
255 
255 
255 
255 
255 
255 
255 
255 
255 
255 
255 
255 
255 
255 
255 
255 
255 
255 
255 
255 
255 
255 
255 
255 
255 
255 
255 
255 
255 
255 
255 
255 
255 
255 
255 
255 
255 
255 
255 
255 
255 
255 
255 
255 
255 
255 
255 
255 
255 
255 
255 
255 
255 
255 
255 
255 
255 
255 
255 
255 
255 
255 
255 
255 
255 
255 
255 
255 
255 
255 
255 
255 
255 
255 
255 
255 
255 
255 
255 
255 
255 
255 
255 
255 
255 
255 
255 
255 
255 
255 
255 
255 
255 
255 
255 
255 
255 
255 
255 
255 
255 
255 
255 
255 
255 
255 
255 
255 
255 
255 
255 
255 
255 
255 
255 
255 
255 
255 
255 
255 
255 
255 
255 
255 
255 
255 
255 
255 
255 
255 
255 
255 
255 
255 
255 
255 
255 
255 
255 
255 
255 
255 
255 
255 
255 
255 
255 
255 
255 
255 
255 
255 
255 
255 
255 
255 
255 
255 
255 
255 
255 
255 
255 
255 
255 
255 
255 
255 
255 
255 
255 
255 
255 
255 
255 
255 
255 
255 
255 
255 
255 
255 
255 
255 
255 
255 
255 
255 
255 
255 
255 
255 
255 
255 
255 
255 
255 
255 
255 
255 
255 
255 
255 
255 
255 
255 
255 
255 
255 
255 
255 
255 
255 
255 
255 
255 
255 
255 
255 
255 
255 
255 
255 
255 
255 
255 
255 
255 
255 
255 
255 
255 
255 
255 
255 
255 
255 
255 
255 
255 
255 
255 
255 
255 
255 
255 
255 
255 
255 
255 
255 
255 
255 
255 
255 
255 
255 
255 
255 
255 
255 
255 
255 
255 
255 
255 
255 
255 
255 
255 
255 
255 
255 
255 
255 
255 
255 
255 
255 
255 
255 
255 
255 
255 
255 
255 
255 
255 
255 
255 
255 
255 
255 
255 
255 
255 
255 
255 
255 
255 
255 
255 
255 
255 
255 
255 
255 
255 
255 
255 
255 
255 
255 
255 
255 
255 
255 
255 
255 
255 
255 
255 
255 
255 
255 
255 
255 
255 
255 
255 
255 
255 
255 
255 
255 
255 
255 
255 
255 
255 
255 
255 
255 
255 
255 
255 
255 
255 
255 
255 
255 
255 
255 
255 
255 
255 
255 
255 
255 
255 
255 
255 
255 
255 
255 
255 
255 
255 
255 
255 
255 
255 
255 
255 
255 
255 
255 
255 
255 
255 
255 
255 
255 
255 
255 
255 
255 
255 
255 
255 
255 
255 
255 
255 
255 
255 
255 
255 
255 
255 
255 
255 
255 
255 
255 
255 
255 
255 
255 
255 
255 
255 
255 
255 
255 
255 
255 
255 
255 
255 
255 
255 
255 
255 
255 
255 
255 
255 
255 
255 
255 
255 
255 
255 
255 
255 
255 
255 
255 
255 
255 
255 
255 
255 
255 
255 
255 
255 
255 
255 
255 
255 
255 
255 
255 
255 
255 
255 
255 
255 
255 
255 
255 
255 
255 
255 
255 
255 
255 
255 
255 
255 
255 
255 
255 
255 
255 
255 
255 
255 
255 
255 
255 
255 
255 
255 
255 
255 
255 
255 
255 
255 
255 
255 
255 
255 
255 
255 
255 
255 
255 
255 
255 
255 
255 
255 
255 
255 
255 
255 
255 
255 
255 
255 
255 
255 
255 
255 
255 
255 
255 
255 
255 
255 
255 
255 
255 
255 
255 
255 
255 
255 
255 
255 
255 
255 
255 
255 
255 
255 
255 
255 
255 
255 
255 
255 
255 
255 
255 
255 
255 
255 
255 
255 
255 
255 
255 
255 
255 
255 
255 
255 
255 
255 
255 
255 
255 
255 
255 
255 
255 
255 
255 
255 
255 
255 
255 
255 
255 
255 
255 
255 
255 
255 
255 
255 
255 
255 
255 
255 
255 
255 
255 
255 
255 
255 
255 
255 
255 
255 
255 
255 
255 
255 
255 
255 
255 
255 
255 
255 
255 
255 
255 
255 
255 
255 
255 
255 
255 
255 
255 
255 
255 
255 
255 
255 
255 
255 
255 
255 
255 
255 
255 
255 
255 
255 
255 
255 
255 
255 
255 
255 
255 
255 
255 
255 
255 
255 
255 
255 
255 
255 
255 
255 
255 
255 
255 
255 
255 
255 
255 
255 
255 
255 
255 
255 
255 
255 
255 
255 
255 
255 
255 
255 
255 
255 
255 
255 
255 
255 
255 
255 
255 
255 
255 
255 
255 
255 
255 
255 
255 
255 
255 
255 
255 
255 
255 
255 
255 
255 
255 
255 
255 
255 
255 
255 
255 
255 
255 
255 
255 
255 
255 
255 
255 
255 
255 
255 
255 
255 
255 
255 
255 
255 
255 
255 
255 
255 
255 
255 
255 
255 
255 
255 
255 
255 
255 
255 
255 
255 
255 
255 
255 
255 
255 
255 
255 
255 
255 
255 
255 
255 
255 
255 
255 
255 
255 
255 
255 
255 
255 
255 
255 
255 
255 
255 
255 
255 
255 
255 
255 
255 
255 
255 
255 
255 
255 
255 
255 
255 
255 
255 
255 
255 
255 
255 
255 
255 
255 
255 
255 
255 
255 
255 
255 
255 
255 
255 
255 
255 
255 
255 
255 
255 
255 
255 
255 
255 
255 
255 
255 
255 
255 
255 
255 
255 
255 
255 
255 
255 
255 
255 
255 
255 
255 
255 
255 
255 
255 
255 
255 
255 
255 
255 
255 
255 
255 
255 
255 
255 
255 
255 
255 
255 
255 
255 
255 
255 
255 
255 
255 
255 
255 
255 
255 
255 
255 
255 
255 
255 
255 
255 
255 
255 
255 
255 
255 
255 
255 
255 
255 
255 
255 
255 
255 
255 
255 
255 
255 
255 
255 
255 
255 
255 
255 
255 
255 
255 
255 
255 
255 
255 
255 
255 
255 
255 
255 
255 
255 
255 
255 
255 
255 
255 
255 
255 
255 
255 
255 
255 
255 
255 
255 
255 
255 
255 
255 
255 
255 
255 
255 
255 
255 
255 
255 
255 
255 
255 
255 
255 
255 
255 
255 
255 
255 
255 
255 
255 
255 
255 
255 
255 
255 
255 
255 
255 
255 
255 
255 
255 
255 
255 
255 
255 
255 
255 
255 
255 
255 
255 
255 
255 
255 
255 
255 
255 
255 
255 
255 
255 
255 
255 
255 
255 
255 
255 
255 
255 
255 
255 
255 
255 
255 
255 
255 
255 
255 
255 
255 
255 
255 
255 
255 
255 
255 
255 
255 
255 
255 
255 
255 
255 
255 
255 
255 
255 
255 
255 
255 
255 
255 
255 
255 
255 
255 
255 
255 
255 
255 
255 
255 
255 
255 
255 
255 
255 
255 
255 
255 
255 
255 
255 
255 
255 
255 
255 
255 
255 
255 
255 
255 
255 
255 
255 
255 
255 
255 
255 
255 
255 
255 
255 
255 
255 
255 
255 
255 
255 
255 
255 
255 
255 
255 
255 
255 
255 
255 
255 
255 
255 
255 
255 
255 
255 
255 
255 
255 
255 
255 
255 
255 
255 
255 
255 
255 
255 
255 
255 
255 
255 
255 
255 
255 
255 
255 
255 
255 
255 
255 
255 
255 
255 
255 
255 
255 
255 
255 
255 
255 
255 
255 
255 
255 
255 
255 
255 
255 
255 
255 
255 
255 
255 
255 
255 
255 
255 
255 
255 
255 
255 
255 
255 
255 
255 
255 
255 
255 
255 
255 
255 
255 
255 
255 
255 
255 
255 
255 
255 
255 
255 
255 
255 
255 
255 
255 
255 
255 
255 
255 
255 
255 
255 
255 
255 
255 
255 
255 
255 
255 
255 
255 
255 
255 
255 
255 
255 
255 
255 
255 
255 
255 
255 
255 
255 
255 
255 
255 
255 
255 
255 
255 
255 
255 
255 
255 
255 
255 
255 
255 
255 
255 
255 
255 
255 
255 
255 
255 
255 
255 
255 
255 
255 
255 
255 
255 
255 
255 
255 
255 
255 
255 
255 
255 
255 
255 
255 
255 
255 
255 
255 
255 
255 
255 
255 
255 
255 
255 
255 
255 
255 
255 
255 
255 
255 
255 
255 
255 
255 
255 
255 
255 
255 
255 
255 
255 
255 
255 
255 
255 
255 
255 
255 
255 
255 
255 
255 
255 
255 
255 
255 
255 
255 
255 
255 
255 
255 
255 
255 
255 
255 
255 
255 
255 
255 
255 
255 
255 
255 
255 
255 
255 
255 
255 
255 
255 
255 
255 
255 
255 
255 
255 
255 
255 
255 
255 
255 
255 
255 
255 
255 
255 
255 
255 
255 
255 
255 
255 
255 
255 
255 
255 
255 
255 
255 
255 
255 
255 
255 
255 
255 
255 
255 
255 
255 
255 
255 
255 
255 
255 
255 
255 
255 
255 
255 
255 
255 
255 
255 
255 
255 
255 
255 
255 
255 
255 
255 
255 
255 
255 
255 
255 
255 
255 
255 
255 
255 
255 
255 
255 
255 
255 
255 
255 
255 
255 
255 
255 
255 
255 
255 
255 
255 
255 
255 
255 
255 
255 
255 
255 
255 
255 
255 
255 
255 
255 
255 
255 
255 
255 
255 
255 
255 
255 
255 
255 
255 
255 
255 
255 
255 
255 
255 
255 
255 
255 
255 
255 
255 
255 
255 
255 
255 
255 
255 
255 
255 
255 
255 
255 
255 
255 
255 
255 
255 
255 
255 
255 
255 
255 
255 
255 
255 
255 
255 
255 
255 
255 
255 
255 
255 
255 
255 
255 
255 
255 
255 
255 
255 
255 
255 
255 
255 
255 
255 
255 
255 
255 
255 
255 
255 
255 
255 
255 
255 
255 
255 
255 
255 
255 
255 
255 
255 
255 
255 
255 
255 
255 
255 
255 
255 
255 
255 
255 
255 
255 
255 
255 
255 
255 
255 
255 
255 
255 
255 
255 
255 
255 
255 
255 
255 
255 
255 
255 
255 
255 
255 
255 
255 
255 
255 
255 
255 
255 
255 
255 
255 
255 
255 
255 
255 
255 
255 
255 
255 
255 
255 
255 
255 
255 
255 
255 
255 
255 
255 
255 
255 
255 
255 
255 
255 
255 
255 
255 
255 
255 
255 
255 
255 
255 
255 
255 
255 
255 
255 
255 
255 
255 
255 
255 
255 
255 
255 
255 
255 
255 
255 
255 
255 
255 
255 
255 
255 
255 
255 
255 
255 
255 
255 
255 
255 
255 
255 
255 
255 
255 
255 
255 
255 
255 
255 
255 
255 
255 
255 
255 
255 
255 
255 
255 
255 
255 
255 
255 
255 
255 
255 
255 
255 
255 
255 
255 
255 
255 
255 
255 
255 
255 
255 
255 
255 
255 
255 
255 
255 
255 
255 
255 
255 
255 
255 
255 
255 
255 
255 
255 
255 
255 
255 
255 
255 
255 
255 
255 
255 
255 
255 
255 
255 
255 
255 
255 
255 
255 
255 
255 
255 
255 
255 
255 
255 
255 
255 
255 
255 
255 
255 
255 
255 
255 
255 
255 
255 
255 
255 
255 
255 
255 
255 
255 
255 
255 
255 
255 
255 
255 
255 
255 
255 
255 
255 
255 
255 
255 
255 
255 
255 
255 
255 
255 
255 
255 
255 
255 
255 
255 
255 
255 
255 
255 
255 
255 
255 
255 
255 
255 
255 
255 
255 
255 
255 
255 
255 
255 
255 
255 
255 
255 
255 
255 
255 
255 
255 
255 
255 
255 
255 
255 
255 
255 
255 
255 
255 
255 
255 
255 
255 
255 
