253
252
250
248
247
245
241
239
231
227
220
210
198
179
155
128
97
62
34
21
35
85
162
238
292
287
222
175
128
91
58
37
24
21
25
36
49
65
81
94
106
116
125
131
137
142
146
146
147
151
150
150
146
143
143
142
138
136
135
134
133
128
127
126
125
123
122
121
120
119
115
114
112
111
116
113
112
110
110
109
106
105
106
105
104
101
99
99
97
96
96
92
92
90
89
88
87
86
86
86
85
83
83
80
79
78
77
76
75
74
73
71
70
69
70
69
68
68
66
65
65
64
63
62
61
61
60
58
57
58
57
57
56
56
55
55
52
52
59
59
58
58
57
57
56
56
55
55
55
54
54
53
52
52
51
51
51
50
50
48
48
47
49
47
48
47
46
47
46
45
46
45
45
45
44
44
43
43
43
43
42
42
42
42
42
41
41
41
41
41
41
41
41
40
40
40
39
39
39
39
39
39
47
47
47
47
47
47
47
47
47
47
47
47
48
47
47
47
48
48
48
47
47
47
47
47
47
47
47
47
47
47
48
48
48
48
48
48
48
49
49
49
49
49
50
50
50
50
50
51
51
51
51
51
52
52
52
52
53
54
53
54
54
54
54
55
63
63
64
64
64
65
64
66
65
66
66
66
66
66
66
67
67
68
69
69
69
70
70
72
70
72
71
72
72
73
73
74
74
75
75
76
76
77
78
78
78
78
79
79
80
81
81
82
82
82
84
85
86
86
86
86
86
86
87
88
88
89
90
91
99
99
100
99
100
101
101
102
103
104
105
105
106
104
106
107
107
108
108
109
110
110
112
112
111
112
113
114
114
115
116
117
118
119
119
120
121
122
123
124
123
124
125
126
127
127
128
129
130
131
132
133
134
133
134
135
136
137
138
139
140
141
142
142
147
146
147
148
149
150
151
152
153
154
155
156
155
156
157
158
159
160
161
162
163
164
165
166
167
166
167
168
169
170
171
172
173
174
175
176
177
178
180
181
180
181
182
183
184
185
186
187
188
189
190
191
192
194
195
194
195
196
197
198
199
200
201
201
205
206
207
208
209
208
209
210
211
212
213
214
215
216
218
219
220
221
222
223
222
223
224
225
226
227
228
230
231
232
233
234
235
236
237
238
239
238
239
241
242
243
244
245
246
247
248
249
251
252
253
254
255
255
256
255
256
257
258
259
260
262
263
264
265
266
267
268
269
270
271
272
273
274
275
276
277
278
279
280
281
282
284
286
287
288
289
290
291
292
293
294
295
296
297
298
299
300
301
302
303
304
305
306
307
308
309
310
311
312
313
314
315
316
317
318
319
320
321
322
323
324
325
326
327
328
329
331
328
330
331
332
332
333
334
335
336
337
338
339
340
341
341
342
343
344
345
346
347
347
348
349
350
351
352
353
353
354
355
356
357
357
358
359
360
361
361
362
363
365
366
366
367
368
369
369
369
371
371
372
373
374
375
375
376
377
378
378
379
379
380
381
376
377
378
378
379
379
380
381
381
382
382
383
384
384
385
385
386
387
387
388
388
389
390
390
391
391
392
392
393
393
395
395
395
396
397
397
398
398
399
399
399
400
400
401
401
402
402
403
403
403
404
404
405
405
405
406
406
407
407
407
408
408
409
409
403
403
403
403
404
404
405
405
405
405
405
406
406
406
407
407
407
407
407
408
408
408
408
409
409
409
409
409
409
409
409
410
410
410
410
410
410
411
411
411
411
412
411
411
411
411
411
411
411
411
411
411
411
411
411
411
411
411
411
411
411
411
411
411
405
405
405
405
405
405
405
404
404
404
404
404
404
404
403
403
403
403
403
403
403
403
402
402
401
402
402
401
401
401
401
401
400
400
400
400
400
399
399
399
398
398
398
398
397
397
396
397
396
396
395
394
394
395
394
394
393
392
392
392
391
391
390
390
384
384
383
383
383
382
382
381
381
381
380
380
379
379
378
378
378
377
377
376
376
376
375
375
374
374
373
372
372
372
371
371
370
370
369
369
368
366
366
366
365
365
365
363
363
362
361
361
360
360
359
359
358
358
357
356
356
355
354
354
353
353
352
351
347
346
346
345
344
344
343
342
342
341
341
340
339
339
338
337
337
336
335
335
334
333
333
332
330
330
329
328
327
327
326
325
325
324
323
323
322
321
321
320
319
318
317
317
316
315
315
314
313
312
312
311
310
309
309
308
307
306
306
305
304
303
303
302
299
298
298
297
296
295
295
294
293
292
292
291
290
289
289
288
286
285
285
284
284
282
282
281
280
279
279
278
277
276
275
275
274
273
272
272
271
270
269
268
268
267
266
265
265
264
263
262
261
261
260
259
258
258
257
257
256
254
253
252
251
250
250
249
248
248
247
246
245
245
244
243
242
242
241
240
238
237
236
236
235
234
233
233
232
231
231
230
229
228
228
227
226
225
223
223
222
221
220
220
219
218
218
217
216
215
215
214
213
212
212
211
210
210
208
207
206
207
205
204
204
204
202
203
202
201
201
199
202
201
200
200
199
198
197
196
195
195
194
194
193
191
192
191
191
190
189
189
188
188
187
186
186
185
185
184
184
182
181
181
180
180
179
179
178
178
177
177
176
175
175
174
174
173
173
172
172
171
171
170
170
170
168
168
167
167
166
166
165
165
164
164
167
167
167
166
166
165
165
165
164
164
163
163
163
162
162
162
161
161
160
160
159
159
158
158
158
157
157
157
156
156
156
156
155
155
155
155
154
154
154
153
153
153
153
152
152
152
151
151
151
151
151
150
150
150
150
149
149
150
150
149
149
148
148
148
153
152
152
152
151
151
151
151
151
151
151
151
151
151
150
150
150
150
150
150
150
150
151
150
149
150
149
149
149
149
149
149
149
149
149
149
149
149
149
149
149
149
149
149
149
149
149
149
149
149
149
149
149
149
149
149
149
149
149
149
149
149
149
149
154
154
154
154
154
154
154
154
154
154
155
155
155
155
155
155
155
155
155
155
155
156
156
156
156
156
156
156
156
156
157
157
157
157
157
157
158
158
158
158
158
159
159
159
159
159
160
160
160
160
160
161
161
161
161
162
162
162
162
163
163
163
163
164
168
168
168
169
169
169
170
170
170
170
171
171
171
172
172
172
173
173
173
173
174
174
174
175
175
175
176
176
177
177
177
178
178
178
179
179
180
180
180
181
181
181
182
182
183
183
183
184
184
185
185
185
186
186
187
187
186
188
188
189
189
190
190
191
194
194
195
195
196
196
196
197
197
198
198
199
199
200
200
201
201
201
202
202
202
203
204
204
205
204
205
205
206
206
207
207
208
208
209
209
210
210
211
211
212
212
213
213
214
214
215
215
216
216
217
218
218
219
219
220
220
221
221
222
222
223
223
224
226
226
227
227
228
229
229
230
230
231
231
232
232
233
233
234
234
235
235
236
237
237
238
238
239
239
240
240
241
241
242
243
243
244
244
245
245
246
246
247
247
248
249
249
250
250
251
251
252
252
253
254
254
254
255
255
256
256
257
257
258
259
259
260
260
261
261
262
262
263
263
264
264
265
265
266
266
267
267
268
268
269
270
270
271
271
272
272
273
273
274
274
275
275
276
276
277
277
278
278
279
279
280
280
281
281
282
282
283
283
285
284
285
285
287
287
288
288
289
289
290
290
291
291
292
292
293
293
292
293
293
294
294
294
295
295
296
296
297
297
298
298
298
299
299
300
300
301
301
301
302
302
303
303
304
304
304
305
305
306
306
306
307
307
308
308
308
309
309
310
310
310
311
311
312
312
312
313
313
313
314
314
315
315
315
316
316
316
317
317
317
318
315
316
316
316
317
317
317
318
318
318
318
319
319
319
320
320
320
321
321
321
321
322
322
322
323
323
323
323
324
324
324
324
325
325
325
325
326
326
326
326
327
327
327
327
327
328
328
328
328
329
330
330
329
329
329
331
331
330
331
330
332
332
332
332
328
328
328
328
330
330
329
329
329
329
329
330
331
331
330
331
331
331
331
331
331
332
332
332
332
332
332
332
332
332
332
333
333
333
333
332
332
332
333
333
332
333
333
333
333
333
333
332
332
332
332
333
333
333
333
333
333
333
333
333
333
333
333
332
329
329
330
330
330
329
329
329
330
330
330
330
329
330
328
328
328
328
328
328
329
328
328
328
328
328
328
327
327
327
327
327
327
327
327
327
327
326
326
326
326
326
326
326
325
325
325
325
325
325
325
324
324
324
324
324
324
323
323
323
323
323
322
322
319
319
319
319
319
318
318
318
318
318
317
317
317
317
316
316
316
316
316
315
315
315
315
315
314
314
314
313
313
313
313
313
312
312
312
312
311
311
311
310
310
310
310
309
309
309
308
308
308
308
307
307
307
307
306
306
306
305
305
305
304
304
304
303
301
301
301
300
300
300
299
299
299
298
298
298
297
297
297
296
296
296
295
295
295
294
294
294
293
293
293
292
292
292
291
291
291
290
290
290
289
289
289
287
288
286
287
287
286
286
286
284
284
283
284
284
282
282
283
281
281
280
280
280
279
279
279
278
277
276
276
276
275
275
275
274
274
273
273
273
272
272
272
271
271
270
270
270
269
269
269
268
268
267
267
267
266
266
265
265
265
264
264
264
263
263
262
262
262
261
261
260
260
260
259
259
258
258
258
257
257
257
256
256
256
255
255
255
254
254
253
253
253
252
252
252
251
251
250
250
250
249
249
249
248
248
247
247
247
246
246
246
245
245
244
244
244
243
243
243
242
242
242
241
241
240
240
240
239
239
239
238
238
238
237
237
237
236
236
235
235
235
234
234
234
233
233
233
232
232
232
231
231
231
230
230
231
230
230
230
229
229
229
228
228
228
227
227
227
226
226
226
226
225
225
225
224
224
224
223
223
223
223
222
222
222
221
221
221
220
220
220
220
219
219
219
218
218
218
218
217
217
217
217
216
216
216
216
215
215
215
214
214
214
214
213
213
213
213
212
214
214
214
213
213
213
213
212
212
212
212
212
211
211
211
211
211
210
210
210
210
210
209
209
210
209
210
209
208
208
208
209
207
208
207
207
207
207
206
206
206
206
206
206
206
205
205
206
205
205
205
205
204
205
204
205
205
205
205
204
204
204
203
203
206
205
206
205
205
205
205
205
205
205
204
204
205
204
205
205
205
204
204
204
204
204
204
204
204
204
204
203
204
204
204
203
203
202
203
203
203
203
203
203
203
202
202
203
203
203
203
203
202
203
203
203
203
203
203
202
202
203
203
203
203
203
203
203
205
205
205
204
205
204
204
205
204
205
205
205
205
205
205
206
206
205
205
205
205
205
206
205
206
205
205
205
205
205
205
205
206
206
206
206
207
206
206
206
206
206
206
208
207
207
207
207
207
207
207
207
207
208
208
208
208
208
208
208
209
210
209
209
211
211
211
211
211
212
212
212
212
212
212
212
213
213
213
213
213
213
214
214
214
214
214
214
214
215
215
215
215
215
216
216
216
216
216
216
217
217
217
217
217
218
218
218
218
218
219
219
219
219
219
220
220
220
220
220
221
221
221
221
221
222
222
222
224
224
224
224
225
225
225
225
226
226
226
226
226
227
227
227
227
228
228
228
228
228
229
229
229
229
230
230
230
230
231
231
231
231
232
232
232
232
233
233
233
233
234
234
234
234
235
235
235
235
236
236
236
237
237
237
237
238
238
238
238
239
239
239
240
240
241
241
241
241
242
242
242
243
243
243
243
244
244
244
244
245
245
245
245
246
246
246
247
247
247
247
248
248
248
248
249
249
249
250
250
250
250
251
251
251
251
252
252
252
253
253
253
253
254
254
254
254
255
255
255
255
256
256
256
256
257
257
257
257
258
258
258
259
259
259
259
260
260
260
260
261
261
261
261
262
262
262
263
263
263
263
264
264
264
264
265
265
265
265
266
266
266
266
267
267
267
267
268
268
268
268
269
269
269
269
270
270
270
270
271
271
271
271
272
272
272
272
273
273
273
273
273
273
273
274
274
274
274
274
275
275
275
275
276
276
276
276
276
277
277
277
277
278
278
278
278
278
279
279
279
279
279
280
280
280
280
280
281
281
282
281
281
282
282
282
283
282
283
283
284
284
284
284
285
284
284
285
285
285
285
286
286
286
287
287
286
286
286
286
286
286
286
287
287
287
287
287
287
288
288
288
288
288
288
289
288
289
289
289
289
289
290
290
290
290
290
290
290
290
291
291
291
291
291
291
291
291
292
292
292
292
292
292
292
292
292
292
293
293
293
293
293
293
293
293
293
293
294
294
292
292
292
292
292
292
293
293
293
293
293
293
293
293
293
293
293
293
293
293
293
294
294
294
294
294
294
294
294
294
294
294
294
294
294
294
294
294
294
294
294
294
294
294
294
294
294
294
294
294
294
294
294
294
294
294
294
294
294
294
294
294
294
294
293
293
293
293
293
293
293
293
293
293
293
293
293
293
293
293
292
292
292
292
292
292
292
292
292
292
292
292
292
292
292
292
292
292
292
292
292
292
292
291
291
291
291
291
291
291
291
291
291
291
291
291
291
290
290
290
290
290
290
290
290
290
290
290
288
288
288
288
288
288
288
287
287
287
287
287
287
287
287
287
286
286
286
286
286
286
285
285
286
286
285
284
284
285
284
284
284
285
284
284
283
283
284
283
284
282
282
282
282
282
282
282
281
281
281
281
281
281
281
281
280
280
280
280
280
280
279
279
278
278
278
278
278
277
277
277
277
277
277
276
276
276
276
276
276
275
275
275
275
275
275
274
274
274
274
274
274
273
273
273
273
273
273
272
272
272
272
272
272
271
271
271
271
271
270
270
270
270
270
269
269
269
269
269
269
268
268
268
268
268
267
267
267
266
266
266
265
265
264
264
264
263
263
263
262
262
262
262
261
261
261
261
260
260
260
260
259
259
259
259
259
259
258
258
258
258
258
258
257
257
257
257
257
257
257
257
257
256
256
256
256
256
256
256
256
256
256
256
256
256
256
255
255
255
255
255
255
255
255
255
255
255
255
255
255
255
255
255
255
255
255
255
255
255
255
255
255
255
255
255
255
255
255
255
255
255
255
255
255
255
