242 
230 
214 
200 
179 
158 
131 
87 
41 
14 
36 
112 
204 
241 
256 
310 
325 
331 
353 
341 
284 
269 
253 
225 
204 
189 
168 
154 
143 
132 
122 
115 
107 
102 
104 
99 
97 
97 
97 
95 
97 
99 
99 
104 
110 
117 
125 
133 
140 
148 
154 
161 
169 
178 
186 
192 
201 
208 
217 
223 
232 
241 
250 
256 
265 
277 
289 
300 
311 
322 
334 
345 
356 
366 
377 
387 
396 
407 
415 
425 
433 
440 
449 
456 
462 
469 
475 
480 
486 
489 
493 
496 
499 
500 
501 
502 
502 
501 
487 
486 
484 
481 
476 
471 
467 
461 
456 
449 
442 
435 
428 
419 
412 
403 
394 
385 
376 
365 
355 
345 
334 
324 
313 
302 
291 
280 
269 
258 
247 
230 
216 
204 
191 
178 
162 
151 
139 
128 
117 
107 
97 
88 
80 
74 
68 
61 
58 
53 
48 
46 
43 
41 
40 
39 
39 
39 
40 
41 
42 
44 
47 
50 
61 
66 
68 
73 
78 
83 
89 
93 
98 
105 
110 
118 
124 
130 
139 
145 
152 
158 
168 
175 
182 
192 
200 
207 
214 
222 
232 
240 
248 
256 
264 
275 
284 
295 
305 
314 
324 
334 
344 
353 
362 
370 
379 
388 
395 
404 
411 
417 
425 
431 
436 
441 
447 
451 
455 
459 
462 
465 
466 
468 
469 
469 
469 
469 
457 
456 
454 
452 
448 
444 
439 
435 
430 
425 
419 
413 
407 
399 
392 
385 
377 
368 
360 
352 
343 
334 
325 
315 
306 
297 
286 
277 
267 
257 
248 
236 
224 
212 
203 
192 
181 
172 
161 
152 
144 
134 
127 
118 
112 
104 
99 
92 
89 
83 
79 
75 
71 
70 
68 
66 
65 
64 
64 
64 
64 
66 
67 
69 
78 
81 
85 
88 
92 
95 
99 
105 
109 
114 
120 
124 
131 
137 
144 
151 
156 
164 
170 
178 
185 
194 
200 
209 
215 
224 
231 
240 
247 
256 
263 
272 
280 
289 
299 
307 
316 
324 
332 
341 
349 
357 
364 
371 
378 
385 
391 
397 
404 
409 
413 
418 
423 
427 
430 
433 
435 
437 
439 
440 
441 
441 
442 
441 
432 
430 
429 
427 
423 
420 
416 
413 
409 
404 
399 
393 
388 
382 
376 
368 
362 
355 
348 
341 
332 
324 
316 
308 
300 
292 
282 
274 
266 
257 
249 
238 
230 
219 
211 
202 
194 
186 
176 
169 
160 
153 
147 
139 
133 
128 
121 
116 
112 
108 
103 
99 
96 
93 
91 
90 
88 
87 
87 
86 
87 
87 
88 
90 
98 
100 
103 
105 
108 
111 
115 
119 
123 
127 
133 
138 
144 
148 
153 
160 
167 
172 
179 
186 
192 
199 
207 
212 
220 
226 
234 
242 
248 
256 
262 
270 
277 
285 
294 
301 
309 
316 
323 
330 
337 
344 
351 
357 
363 
369 
375 
380 
385 
390 
394 
398 
402 
405 
409 
411 
413 
415 
416 
417 
418 
418 
418 
418 
410 
409 
407 
405 
403 
399 
396 
393 
389 
385 
381 
377 
371 
366 
361 
355 
349 
343 
336 
329 
323 
316 
309 
302 
295 
286 
279 
272 
264 
257 
249 
240 
233 
224 
216 
207 
201 
195 
186 
180 
172 
166 
160 
153 
148 
143 
138 
133 
129 
125 
121 
118 
115 
112 
111 
110 
108 
107 
107 
106 
106 
107 
108 
109 
117 
119 
121 
123 
126 
129 
132 
136 
140 
143 
147 
151 
156 
160 
166 
172 
178 
182 
188 
195 
200 
206 
212 
217 
224 
229 
236 
243 
249 
256 
261 
268 
275 
281 
289 
296 
302 
309 
315 
321 
327 
333 
339 
345 
350 
355 
360 
364 
369 
373 
377 
381 
384 
387 
389 
392 
393 
395 
396 
397 
397 
398 
398 
397 
390 
389 
388 
387 
384 
382 
379 
377 
373 
369 
365 
361 
357 
353 
348 
343 
338 
332 
326 
321 
315 
309 
303 
296 
290 
283 
276 
270 
263 
257 
250 
242 
236 
227 
221 
213 
207 
202 
195 
189 
182 
177 
172 
165 
161 
156 
151 
147 
145 
141 
138 
135 
132 
130 
128 
127 
126 
125 
124 
124 
124 
125 
126 
127 
134 
136 
138 
139 
142 
144 
147 
150 
153 
156 
160 
164 
169 
172 
177 
182 
187 
191 
197 
202 
207 
211 
217 
222 
228 
232 
239 
245 
250 
256 
261 
267 
272 
278 
284 
290 
297 
302 
308 
313 
318 
324 
328 
333 
339 
343 
347 
351 
355 
359 
362 
365 
369 
370 
372 
375 
377 
378 
379 
380 
380 
381 
381 
380 
374 
373 
371 
371 
368 
366 
364 
361 
358 
355 
352 
349 
345 
341 
336 
332 
327 
322 
318 
313 
307 
302 
297 
292 
285 
279 
274 
268 
262 
257 
251 
244 
238 
231 
225 
218 
213 
209 
202 
197 
191 
186 
182 
177 
172 
169 
164 
161 
157 
155 
151 
149 
147 
146 
144 
143 
142 
141 
140 
139 
141 
141 
142 
143 
149 
150 
151 
153 
155 
157 
160 
163 
166 
168 
172 
175 
179 
182 
187 
191 
196 
199 
204 
209 
212 
217 
222 
226 
231 
235 
241 
246 
250 
256 
260 
265 
270 
275 
281 
287 
291 
297 
302 
306 
311 
315 
320 
324 
328 
332 
336 
340 
343 
347 
350 
352 
355 
357 
359 
360 
362 
363 
364 
364 
365 
365 
365 
364 
359 
358 
357 
356 
354 
352 
350 
348 
346 
343 
340 
337 
332 
329 
325 
322 
317 
313 
309 
305 
300 
296 
291 
286 
280 
275 
270 
265 
260 
255 
250 
245 
240 
235 
230 
225 
221 
216 
211 
208 
203 
199 
195 
191 
187 
184 
180 
177 
174 
171 
168 
166 
163 
161 
160 
158 
157 
156 
155 
154 
154 
154 
154 
154 
159 
160 
161 
162 
164 
166 
168 
170 
172 
175 
178 
181 
184 
187 
191 
194 
198 
202 
206 
209 
214 
218 
223 
227 
232 
237 
241 
246 
251 
256 
261 
265 
270 
274 
279 
283 
289 
293 
297 
301 
305 
309 
313 
316 
320 
323 
327 
330 
332 
335 
339 
341 
343 
345 
346 
348 
349 
350 
351 
351 
352 
352 
352 
351 
347 
346 
345 
344 
342 
341 
338 
336 
334 
331 
329 
326 
323 
320 
317 
314 
310 
306 
303 
299 
295 
291 
286 
281 
277 
273 
268 
264 
260 
255 
251 
246 
242 
238 
233 
229 
225 
221 
217 
213 
209 
205 
203 
198 
196 
192 
189 
186 
184 
181 
179 
177 
175 
173 
171 
170 
169 
168 
167 
167 
166 
166 
166 
167 
171 
172 
173 
174 
175 
177 
178 
180 
182 
185 
187 
190 
193 
196 
199 
202 
205 
208 
211 
215 
219 
223 
227 
231 
235 
239 
243 
247 
252 
256 
260 
264 
268 
272 
276 
280 
284 
288 
292 
296 
299 
303 
306 
309 
312 
315 
318 
321 
323 
326 
328 
330 
331 
334 
335 
336 
338 
339 
339 
340 
340 
340 
340 
340 
335 
334 
334 
332 
331 
330 
328 
326 
324 
322 
320 
318 
315 
312 
310 
307 
304 
300 
297 
294 
290 
287 
282 
278 
275 
271 
267 
263 
259 
255 
251 
247 
244 
240 
236 
232 
229 
225 
221 
218 
215 
211 
208 
206 
203 
199 
198 
195 
193 
190 
188 
186 
185 
183 
182 
181 
180 
179 
178 
178 
177 
177 
177 
178 
181 
182 
183 
184 
185 
186 
188 
190 
191 
194 
196 
198 
200 
203 
205 
207 
210 
214 
217 
220 
223 
227 
230 
234 
237 
241 
245 
248 
252 
256 
259 
263 
266 
270 
273 
277 
280 
284 
287 
291 
294 
297 
300 
303 
305 
308 
310 
313 
315 
317 
319 
321 
322 
324 
325 
326 
327 
328 
328 
329 
329 
329 
329 
329 
325 
325 
324 
323 
322 
321 
319 
318 
316 
314 
312 
310 
308 
306 
303 
301 
298 
295 
292 
289 
285 
282 
279 
275 
272 
269 
265 
262 
259 
255 
252 
248 
245 
242 
238 
235 
232 
229 
226 
223 
220 
217 
214 
211 
209 
206 
205 
203 
200 
198 
197 
195 
194 
192 
191 
190 
189 
188 
188 
187 
187 
187 
187 
187 
191 
191 
192 
193 
194 
195 
196 
198 
199 
201 
202 
205 
206 
208 
211 
213 
216 
219 
221 
224 
227 
230 
233 
236 
239 
243 
246 
249 
252 
256 
259 
262 
265 
268 
271 
274 
277 
280 
283 
286 
289 
292 
295 
297 
300 
302 
304 
306 
308 
310 
311 
313 
314 
316 
317 
318 
318 
319 
320 
320 
320 
320 
320 
320 
317 
316 
316 
315 
314 
313 
312 
310 
309 
307 
305 
304 
302 
300 
297 
295 
293 
289 
287 
284 
281 
279 
276 
273 
270 
267 
264 
261 
258 
255 
252 
249 
246 
243 
240 
238 
235 
232 
229 
227 
224 
221 
219 
217 
214 
212 
210 
208 
207 
206 
204 
203 
201 
200 
199 
198 
197 
197 
196 
195 
194 
195 
196 
196 
199 
199 
200 
201 
201 
203 
204 
205 
205 
207 
209 
210 
212 
214 
216 
218 
221 
223 
226 
228 
231 
233 
236 
239 
241 
244 
247 
250 
253 
256 
259 
261 
264 
267 
269 
272 
275 
277 
280 
282 
284 
288 
289 
292 
294 
296 
298 
300 
302 
303 
305 
306 
307 
308 
309 
310 
311 
312 
312 
312 
313 
313 
312 
312 
310 
309 
308 
308 
307 
306 
305 
304 
303 
301 
300 
298 
296 
294 
292 
289 
288 
285 
283 
281 
278 
276 
273 
271 
268 
266 
263 
261 
258 
255 
253 
250 
247 
245 
242 
240 
237 
235 
232 
230 
228 
226 
223 
221 
219 
217 
216 
214 
212 
211 
209 
208 
208 
207 
206 
205 
204 
204 
203 
202 
202 
203 
203 
203 
205 
205 
207 
207 
207 
209 
209 
210 
211 
213 
214 
216 
218 
219 
221 
223 
225 
227 
229 
231 
234 
236 
238 
241 
243 
246 
248 
251 
253 
256 
258 
261 
263 
265 
268 
270 
272 
274 
277 
279 
281 
283 
285 
288 
290 
291 
293 
295 
296 
298 
299 
300 
301 
302 
303 
304 
304 
305 
305 
305 
306 
306 
306 
305 
303 
303 
302 
302 
301 
300 
299 
298 
297 
296 
294 
293 
291 
290 
288 
285 
283 
282 
280 
278 
276 
273 
271 
269 
267 
265 
262 
260 
258 
255 
253 
251 
248 
246 
244 
242 
239 
237 
235 
233 
231 
229 
227 
226 
224 
222 
220 
219 
218 
216 
215 
214 
213 
212 
211 
210 
210 
209 
209 
209 
208 
209 
209 
209 
211 
211 
212 
212 
213 
214 
215 
216 
217 
218 
219 
221 
222 
224 
225 
227 
229 
231 
232 
234 
236 
238 
240 
243 
245 
247 
249 
251 
253 
256 
258 
260 
262 
264 
266 
268 
270 
272 
274 
276 
278 
280 
281 
283 
285 
286 
289 
290 
291 
293 
294 
295 
296 
296 
297 
298 
298 
299 
299 
300 
300 
300 
300 
300 
297 
297 
297 
296 
295 
295 
294 
293 
292 
291 
290 
288 
286 
285 
283 
282 
280 
278 
277 
275 
273 
271 
269 
267 
265 
263 
261 
259 
257 
255 
253 
251 
249 
247 
245 
243 
241 
240 
238 
236 
234 
232 
231 
229 
228 
226 
225 
223 
222 
221 
220 
219 
218 
217 
216 
216 
215 
215 
215 
214 
214 
214 
214 
214 
216 
217 
217 
218 
218 
219 
220 
221 
222 
223 
224 
225 
226 
228 
229 
230 
232 
234 
235 
237 
239 
240 
242 
244 
246 
248 
250 
252 
254 
256 
258 
260 
261 
263 
265 
267 
268 
270 
272 
273 
275 
277 
278 
280 
281 
282 
284 
285 
286 
288 
289 
289 
291 
292 
292 
293 
293 
294 
294 
294 
294 
294 
294 
294 
292 
292 
292 
290 
291 
290 
289 
289 
288 
287 
285 
284 
282 
281 
280 
279 
277 
276 
274 
273 
271 
269 
268 
266 
264 
262 
261 
259 
257 
255 
254 
252 
250 
248 
247 
245 
243 
241 
240 
238 
237 
235 
234 
232 
231 
230 
229 
227 
226 
225 
224 
223 
223 
222 
221 
221 
220 
220 
220 
219 
219 
219 
219 
219 
221 
221 
222 
222 
223 
223 
224 
225 
226 
227 
228 
229 
230 
231 
232 
233 
235 
236 
238 
239 
241 
242 
244 
246 
247 
249 
251 
252 
254 
256 
257 
259 
260 
262 
264 
265 
267 
268 
270 
271 
273 
274 
275 
277 
278 
279 
280 
281 
282 
283 
284 
285 
286 
286 
288 
288 
289 
289 
289 
290 
290 
290 
290 
290 
288 
288 
285 
285 
283 
281 
280 
278 
277 
276 
274 
274 
272 
271 
269 
268 
267 
266 
265 
264 
263 
262 
261 
260 
259 
258 
258 
257 
256 
255 
255 
254 
254 
253 
253 
252 
252 
252 
251 
251 
251 
251 
251 
250 
250 
250 
250 
250 
250 
250 
250 
250 
250 
250 
250 
250 
250 
250 
251 
251 
251 
251 
251 
251 
252 
252 
252 
252 
252 
252 
252 
253 
253 
253 
253 
253 
253 
254 
254 
254 
254 
254 
254 
254 
255 
255 
255 
255 
255 
255 
255 
255 
255 
256 
256 
256 
256 
256 
256 
256 
256 
256 
256 
255 
255 
255 
255 
255 
255 
255 
255 
255 
255 
255 
255 
255 
255 
255 
255 
255 
255 
255 
255 
255 
255 
255 
255 
255 
255 
255 
255 
255 
255 
255 
255 
255 
255 
255 
255 
255 
255 
255 
255 
255 
255 
255 
255 
255 
255 
255 
255 
255 
255 
255 
255 
255 
255 
255 
255 
255 
255 
255 
255 
255 
255 
255 
255 
255 
255 
255 
255 
255 
255 
255 
255 
255 
255 
255 
255 
255 
255 
255 
255 
255 
255 
255 
255 
255 
255 
255 
255 
255 
255 
255 
255 
255 
255 
255 
255 
255 
255 
255 
255 
255 
255 
255 
255 
255 
255 
255 
255 
255 
255 
255 
255 
255 
255 
255 
255 
255 
255 
255 
255 
255 
255 
255 
255 
255 
255 
255 
255 
255 
255 
255 
255 
255 
255 
255 
255 
255 
255 
255 
255 
255 
255 
255 
255 
255 
255 
255 
255 
255 
255 
255 
255 
255 
255 
255 
255 
255 
255 
255 
255 
255 
255 
255 
255 
255 
255 
255 
255 
255 
255 
255 
255 
255 
255 
255 
255 
255 
255 
255 
255 
255 
255 
255 
255 
255 
255 
255 
255 
255 
255 
255 
255 
255 
255 
255 
255 
255 
255 
255 
255 
255 
255 
255 
255 
255 
255 
255 
255 
255 
255 
255 
255 
255 
255 
255 
255 
255 
255 
255 
255 
255 
255 
255 
255 
255 
255 
255 
255 
255 
255 
255 
255 
255 
255 
255 
255 
255 
255 
255 
255 
255 
255 
255 
255 
255 
255 
255 
255 
255 
255 
255 
255 
255 
255 
255 
255 
255 
255 
255 
255 
255 
255 
255 
255 
255 
255 
255 
255 
255 
255 
255 
255 
255 
255 
255 
255 
255 
255 
255 
255 
255 
255 
255 
255 
255 
255 
255 
255 
255 
255 
255 
255 
255 
255 
255 
255 
255 
255 
255 
255 
255 
255 
255 
255 
255 
255 
255 
255 
255 
255 
255 
255 
255 
255 
255 
255 
255 
255 
255 
255 
255 
255 
255 
255 
255 
255 
255 
255 
255 
255 
255 
255 
255 
255 
255 
255 
255 
255 
255 
255 
255 
255 
255 
255 
255 
255 
255 
255 
255 
255 
255 
255 
255 
255 
255 
255 
255 
255 
255 
255 
255 
255 
255 
255 
255 
255 
255 
255 
255 
255 
255 
255 
255 
255 
255 
255 
255 
255 
255 
255 
255 
255 
255 
255 
255 
255 
255 
255 
255 
255 
255 
255 
255 
255 
255 
255 
255 
255 
255 
255 
255 
255 
255 
255 
255 
255 
255 
255 
255 
255 
255 
255 
255 
255 
255 
255 
255 
255 
255 
255 
255 
255 
255 
255 
255 
255 
255 
255 
255 
255 
255 
255 
255 
255 
255 
255 
255 
255 
255 
255 
255 
255 
255 
255 
255 
255 
255 
255 
255 
255 
255 
255 
255 
255 
255 
255 
255 
255 
255 
255 
255 
255 
255 
255 
255 
255 
255 
255 
255 
255 
255 
255 
255 
255 
255 
255 
255 
255 
255 
255 
255 
255 
255 
255 
255 
255 
255 
255 
255 
255 
255 
255 
255 
255 
255 
255 
255 
255 
255 
255 
255 
255 
255 
255 
255 
255 
255 
255 
255 
255 
255 
255 
255 
255 
255 
255 
255 
255 
255 
255 
255 
255 
255 
255 
255 
255 
255 
255 
255 
255 
255 
255 
255 
255 
255 
255 
255 
255 
255 
255 
255 
255 
255 
255 
255 
255 
255 
255 
255 
255 
255 
255 
255 
255 
255 
255 
255 
255 
255 
255 
255 
255 
255 
255 
255 
255 
255 
255 
255 
255 
255 
255 
255 
255 
255 
255 
255 
255 
255 
255 
255 
255 
255 
255 
255 
255 
255 
255 
255 
255 
255 
255 
255 
255 
255 
255 
255 
255 
255 
255 
255 
255 
255 
255 
255 
255 
255 
255 
255 
255 
255 
255 
255 
255 
255 
255 
255 
255 
255 
255 
255 
255 
255 
255 
255 
255 
255 
255 
255 
255 
255 
255 
255 
255 
255 
255 
255 
255 
255 
255 
255 
255 
255 
255 
255 
255 
255 
255 
255 
255 
255 
255 
255 
255 
255 
255 
255 
255 
255 
255 
255 
255 
255 
255 
255 
255 
255 
255 
255 
255 
255 
255 
255 
255 
255 
255 
255 
255 
255 
255 
255 
255 
255 
255 
255 
255 
255 
255 
255 
255 
255 
255 
255 
255 
255 
255 
255 
255 
255 
255 
255 
255 
255 
255 
255 
255 
255 
255 
255 
255 
255 
255 
255 
255 
255 
255 
255 
255 
255 
255 
255 
255 
255 
255 
255 
255 
255 
255 
255 
255 
255 
255 
255 
255 
255 
255 
255 
255 
255 
255 
255 
255 
255 
255 
255 
255 
255 
255 
255 
255 
255 
255 
255 
255 
255 
255 
255 
255 
255 
255 
255 
255 
255 
255 
255 
255 
255 
255 
255 
255 
255 
255 
255 
255 
255 
255 
255 
255 
255 
255 
255 
255 
255 
255 
255 
255 
255 
255 
255 
255 
255 
255 
255 
255 
255 
255 
255 
255 
255 
255 
255 
255 
255 
255 
255 
255 
255 
255 
255 
255 
255 
255 
255 
255 
255 
255 
255 
255 
255 
255 
255 
255 
255 
255 
255 
255 
255 
255 
255 
255 
255 
255 
255 
255 
255 
255 
255 
255 
255 
255 
255 
255 
255 
255 
255 
255 
255 
255 
255 
255 
255 
255 
255 
255 
255 
255 
255 
255 
255 
255 
255 
255 
255 
255 
255 
255 
255 
255 
255 
255 
255 
255 
255 
255 
255 
255 
255 
255 
255 
255 
255 
255 
255 
255 
255 
255 
255 
255 
255 
255 
255 
255 
255 
255 
255 
255 
255 
255 
255 
255 
255 
255 
255 
255 
255 
255 
255 
255 
255 
255 
255 
255 
255 
255 
255 
255 
255 
255 
255 
255 
255 
255 
255 
255 
255 
255 
255 
255 
255 
255 
255 
255 
255 
255 
255 
255 
255 
255 
255 
255 
255 
255 
255 
255 
255 
255 
255 
255 
255 
255 
255 
255 
255 
255 
255 
255 
255 
255 
255 
255 
255 
255 
255 
255 
255 
255 
255 
255 
255 
255 
255 
255 
255 
255 
255 
255 
255 
255 
255 
255 
255 
255 
255 
255 
255 
255 
255 
255 
255 
255 
255 
255 
255 
255 
255 
255 
255 
255 
255 
255 
255 
255 
255 
255 
255 
255 
255 
255 
255 
255 
255 
255 
255 
255 
255 
255 
255 
255 
255 
255 
255 
255 
255 
255 
255 
255 
255 
255 
255 
255 
255 
255 
255 
255 
255 
255 
255 
255 
255 
255 
255 
255 
255 
255 
255 
255 
255 
255 
255 
255 
255 
255 
255 
255 
255 
255 
255 
255 
255 
255 
255 
255 
255 
255 
255 
255 
255 
255 
255 
255 
255 
255 
255 
255 
255 
255 
255 
255 
255 
255 
255 
255 
255 
255 
255 
255 
255 
255 
255 
255 
255 
255 
255 
255 
255 
255 
255 
255 
255 
255 
255 
255 
255 
255 
255 
255 
255 
255 
255 
255 
255 
255 
255 
255 
255 
255 
255 
255 
255 
255 
255 
255 
255 
255 
255 
255 
255 
255 
255 
255 
255 
255 
255 
255 
255 
255 
255 
255 
255 
255 
255 
255 
255 
255 
255 
255 
255 
255 
255 
255 
255 
255 
255 
255 
255 
255 
255 
255 
255 
255 
255 
255 
255 
255 
255 
255 
255 
255 
255 
255 
255 
255 
255 
255 
255 
255 
255 
255 
255 
255 
255 
255 
255 
255 
255 
255 
255 
255 
255 
255 
255 
255 
255 
255 
255 
255 
255 
255 
255 
255 
255 
255 
255 
255 
255 
255 
255 
255 
255 
255 
255 
255 
255 
255 
255 
255 
255 
255 
255 
255 
255 
255 
255 
255 
255 
255 
255 
255 
255 
255 
255 
255 
255 
255 
255 
255 
255 
255 
255 
255 
255 
255 
255 
255 
255 
255 
255 
255 
255 
255 
255 
255 
255 
255 
255 
255 
255 
255 
255 
255 
255 
255 
255 
255 
255 
255 
255 
255 
255 
255 
255 
255 
255 
255 
255 
255 
255 
255 
255 
255 
255 
255 
255 
255 
255 
255 
255 
255 
255 
255 
255 
255 
255 
255 
255 
255 
255 
255 
255 
255 
255 
255 
255 
255 
255 
255 
255 
255 
255 
255 
255 
255 
255 
255 
255 
255 
255 
255 
255 
255 
255 
255 
255 
255 
255 
255 
255 
255 
255 
255 
255 
255 
255 
255 
255 
255 
255 
255 
255 
255 
255 
255 
255 
255 
255 
255 
255 
255 
255 
255 
255 
255 
255 
255 
255 
255 
255 
255 
255 
255 
255 
255 
255 
255 
255 
255 
255 
255 
255 
255 
255 
255 
255 
255 
255 
255 
255 
255 
255 
255 
255 
255 
255 
255 
255 
255 
255 
255 
255 
255 
255 
255 
255 
255 
255 
255 
255 
255 
255 
255 
255 
255 
255 
255 
255 
255 
255 
255 
255 
255 
255 
255 
255 
255 
255 
255 
255 
255 
255 
255 
255 
255 
255 
255 
255 
255 
255 
255 
255 
255 
255 
255 
255 
255 
255 
255 
255 
255 
255 
255 
255 
255 
255 
255 
255 
255 
255 
255 
255 
255 
255 
255 
255 
255 
255 
255 
255 
255 
255 
255 
255 
255 
255 
255 
255 
255 
255 
255 
255 
255 
255 
255 
255 
255 
255 
255 
255 
255 
255 
255 
255 
255 
255 
255 
255 
255 
255 
255 
255 
255 
255 
255 
255 
255 
255 
255 
255 
255 
255 
255 
255 
255 
255 
255 
255 
255 
255 
255 
255 
255 
255 
255 
255 
255 
255 
255 
255 
255 
255 
255 
255 
255 
255 
255 
255 
255 
255 
255 
255 
255 
255 
255 
255 
255 
255 
255 
255 
255 
255 
255 
255 
255 
255 
255 
255 
255 
255 
255 
255 
255 
255 
255 
255 
255 
255 
255 
255 
255 
255 
255 
255 
255 
255 
255 
255 
255 
255 
255 
255 
255 
255 
255 
255 
255 
255 
255 
255 
255 
255 
255 
255 
255 
255 
255 
255 
255 
255 
255 
255 
255 
255 
255 
255 
255 
255 
255 
255 
255 
255 
255 
255 
255 
255 
255 
255 
255 
255 
255 
255 
255 
255 
255 
255 
255 
255 
255 
255 
255 
255 
255 
255 
255 
255 
255 
255 
255 
255 
255 
255 
255 
255 
255 
255 
255 
255 
255 
255 
255 
255 
255 
255 
255 
255 
255 
255 
255 
255 
255 
255 
255 
255 
255 
255 
255 
255 
255 
255 
255 
255 
255 
255 
255 
255 
255 
255 
255 
255 
255 
255 
255 
255 
255 
255 
255 
255 
255 
255 
255 
255 
255 
255 
255 
255 
255 
255 
255 
255 
255 
255 
255 
255 
255 
255 
255 
255 
255 
255 
255 
255 
255 
255 
255 
255 
255 
255 
255 
255 
255 
255 
255 
255 
255 
255 
255 
255 
255 
255 
255 
255 
255 
255 
255 
255 
255 
255 
255 
255 
255 
255 
255 
255 
255 
255 
255 
255 
255 
255 
255 
255 
255 
255 
255 
255 
255 
255 
255 
255 
255 
255 
255 
255 
255 
255 
255 
255 
255 
255 
255 
255 
255 
255 
255 
255 
255 
255 
255 
255 
255 
255 
255 
255 
255 
255 
255 
255 
255 
255 
255 
255 
255 
255 
255 
255 
255 
255 
255 
255 
255 
255 
255 
255 
255 
255 
255 
255 
255 
255 
255 
255 
255 
255 
255 
255 
255 
255 
255 
255 
255 
255 
255 
255 
255 
255 
255 
255 
255 
255 
255 
255 
255 
255 
255 
255 
255 
255 
255 
255 
255 
255 
255 
255 
255 
255 
255 
255 
255 
255 
255 
255 
255 
255 
255 
255 
255 
255 
255 
255 
255 
255 
255 
255 
255 
255 
255 
255 
255 
255 
255 
255 
255 
255 
255 
255 
255 
255 
255 
255 
255 
255 
255 
255 
255 
255 
255 
255 
255 
255 
255 
255 
255 
255 
255 
255 
255 
255 
255 
255 
255 
255 
255 
255 
255 
255 
255 
255 
255 
255 
255 
255 
255 
255 
255 
255 
255 
255 
255 
255 
255 
255 
255 
255 
255 
255 
255 
255 
255 
255 
255 
255 
255 
255 
255 
255 
255 
255 
255 
255 
255 
255 
255 
255 
255 
255 
255 
255 
255 
255 
255 
255 
255 
255 
255 
255 
255 
255 
255 
255 
255 
255 
255 
255 
255 
255 
255 
255 
255 
255 
255 
255 
255 
255 
255 
255 
255 
255 
255 
255 
255 
255 
255 
255 
255 
255 
255 
255 
255 
255 
255 
255 
255 
255 
255 
255 
255 
255 
255 
255 
255 
255 
255 
255 
255 
255 
255 
255 
255 
255 
255 
255 
255 
255 
255 
255 
255 
255 
255 
255 
255 
255 
255 
255 
255 
255 
255 
255 
255 
255 
255 
255 
255 
255 
255 
255 
255 
255 
255 
255 
255 
255 
255 
255 
255 
255 
255 
255 
255 
255 
255 
255 
255 
255 
255 
255 
255 
255 
255 
255 
255 
255 
255 
255 
255 
255 
255 
255 
255 
255 
255 
255 
255 
255 
255 
255 
255 
255 
255 
255 
255 
255 
255 
255 
255 
255 
255 
255 
255 
255 
255 
255 
255 
255 
255 
255 
255 
255 
255 
255 
255 
255 
255 
255 
255 
255 
255 
255 
255 
255 
255 
255 
255 
255 
255 
255 
255 
255 
255 
255 
255 
255 
255 
255 
255 
255 
255 
255 
255 
255 
255 
255 
255 
255 
255 
255 
255 
255 
255 
255 
255 
255 
255 
255 
255 
255 
255 
255 
255 
255 
255 
255 
255 
255 
255 
255 
255 
255 
255 
255 
255 
255 
255 
255 
255 
255 
255 
255 
255 
255 
255 
255 
255 
255 
255 
255 
255 
255 
255 
255 
255 
255 
255 
255 
255 
255 
255 
255 
255 
255 
255 
255 
255 
255 
255 
255 
255 
255 
255 
255 
255 
255 
255 
255 
255 
255 
255 
255 
255 
255 
255 
255 
255 
255 
255 
255 
255 
255 
255 
255 
255 
255 
255 
255 
255 
255 
255 
255 
255 
255 
255 
255 
255 
255 
255 
255 
255 
255 
255 
255 
255 
255 
255 
255 
255 
255 
255 
255 
255 
255 
255 
255 
255 
255 
255 
255 
255 
255 
255 
255 
255 
255 
255 
255 
255 
255 
255 
255 
255 
255 
255 
255 
255 
255 
255 
255 
255 
255 
255 
255 
255 
255 
255 
255 
255 
255 
255 
255 
255 
255 
255 
255 
255 
255 
255 
255 
255 
255 
255 
255 
255 
255 
255 
255 
255 
255 
255 
255 
255 
255 
255 
255 
255 
255 
255 
255 
255 
255 
255 
255 
255 
255 
255 
255 
255 
255 
255 
255 
255 
255 
255 
255 
255 
255 
255 
255 
255 
255 
255 
255 
255 
255 
255 
255 
255 
255 
255 
255 
255 
255 
255 
255 
255 
255 
255 
255 
255 
255 
255 
255 
255 
255 
255 
255 
255 
255 
255 
255 
255 
255 
255 
255 
255 
255 
255 
255 
255 
255 
255 
255 
255 
255 
255 
255 
255 
255 
255 
255 
255 
255 
255 
255 
255 
255 
255 
255 
255 
255 
255 
255 
255 
255 
255 
255 
255 
255 
255 
255 
255 
255 
255 
255 
255 
255 
255 
255 
255 
255 
255 
255 
255 
255 
255 
255 
255 
255 
255 
255 
255 
255 
255 
255 
255 
255 
255 
255 
255 
255 
255 
255 
255 
255 
255 
255 
255 
255 
255 
255 
255 
255 
255 
255 
255 
255 
255 
255 
255 
255 
255 
255 
255 
255 
255 
255 
255 
255 
255 
255 
255 
255 
255 
255 
255 
255 
255 
255 
255 
255 
255 
255 
255 
255 
255 
255 
255 
255 
255 
255 
255 
255 
255 
255 
255 
255 
255 
255 
255 
255 
255 
255 
255 
255 
255 
255 
255 
255 
255 
255 
255 
255 
255 
255 
255 
255 
255 
255 
255 
255 
255 
255 
255 
255 
255 
255 
255 
255 
255 
255 
255 
255 
255 
255 
255 
255 
255 
255 
255 
255 
255 
255 
255 
255 
255 
255 
255 
255 
255 
255 
255 
255 
255 
255 
255 
255 
255 
255 
255 
255 
255 
255 
255 
255 
255 
255 
255 
255 
255 
255 
255 
255 
255 
255 
255 
255 
255 
255 
255 
255 
255 
255 
255 
255 
255 
255 
255 
255 
255 
255 
255 
255 
255 
255 
255 
255 
255 
255 
255 
255 
255 
255 
255 
255 
255 
255 
255 
255 
255 
255 
255 
255 
255 
255 
255 
255 
255 
255 
255 
255 
255 
255 
255 
255 
255 
255 
255 
255 
255 
255 
255 
255 
255 
255 
255 
255 
255 
255 
255 
255 
255 
255 
255 
255 
255 
255 
255 
255 
255 
255 
255 
255 
255 
255 
255 
255 
255 
255 
255 
255 
255 
255 
255 
255 
255 
255 
255 
255 
255 
255 
255 
255 
255 
255 
255 
255 
255 
255 
255 
255 
255 
255 
255 
255 
255 
255 
255 
255 
255 
255 
255 
255 
255 
255 
255 
255 
255 
255 
255 
255 
255 
255 
255 
255 
255 
255 
255 
255 
255 
255 
255 
255 
255 
255 
255 
255 
255 
255 
255 
255 
255 
255 
255 
255 
255 
255 
255 
255 
255 
255 
255 
255 
255 
255 
255 
255 
255 
255 
255 
255 
255 
255 
255 
255 
255 
255 
255 
255 
255 
255 
255 
255 
255 
255 
255 
255 
255 
255 
255 
255 
255 
255 
255 
255 
255 
255 
255 
255 
255 
255 
255 
255 
255 
255 
255 
255 
255 
255 
255 
255 
255 
255 
255 
255 
255 
255 
255 
255 
255 
255 
255 
255 
255 
255 
255 
255 
255 
255 
255 
255 
255 
255 
255 
255 
255 
255 
255 
255 
255 
255 
255 
255 
255 
255 
255 
255 
255 
255 
255 
255 
255 
255 
255 
255 
255 
255 
255 
255 
255 
255 
255 
255 
255 
255 
255 
255 
255 
255 
255 
255 
255 
255 
255 
255 
255 
255 
255 
255 
255 
255 
255 
255 
255 
255 
255 
255 
255 
255 
255 
255 
255 
255 
255 
255 
255 
255 
255 
255 
255 
255 
255 
255 
255 
255 
255 
255 
255 
255 
255 
255 
255 
255 
255 
255 
255 
255 
255 
255 
255 
255 
255 
255 
255 
255 
255 
255 
255 
255 
255 
255 
255 
255 
255 
255 
255 
255 
255 
255 
255 
255 
255 
255 
255 
255 
255 
255 
255 
255 
255 
255 
255 
255 
255 
255 
255 
255 
255 
255 
255 
255 
255 
255 
255 
255 
255 
255 
255 
255 
255 
255 
255 
255 
255 
255 
255 
255 
255 
255 
255 
255 
255 
255 
255 
255 
255 
255 
255 
255 
255 
255 
255 
255 
255 
255 
255 
255 
255 
255 
255 
255 
255 
255 
255 
255 
255 
255 
255 
255 
255 
255 
255 
255 
255 
255 
255 
255 
255 
255 
255 
255 
255 
255 
255 
255 
255 
255 
255 
255 
255 
255 
255 
255 
255 
255 
255 
255 
255 
255 
255 
255 
255 
255 
255 
255 
255 
255 
255 
255 
255 
255 
255 
255 
255 
255 
255 
255 
255 
255 
255 
255 
255 
255 
255 
255 
255 
255 
255 
255 
255 
255 
255 
255 
255 
255 
255 
255 
255 
255 
255 
255 
255 
255 
255 
255 
255 
255 
255 
255 
255 
255 
255 
255 
255 
255 
255 
255 
255 
255 
255 
255 
255 
255 
255 
255 
255 
255 
255 
255 
255 
255 
255 
255 
255 
255 
255 
255 
255 
255 
255 
255 
255 
255 
255 
255 
255 
255 
255 
255 
255 
255 
255 
255 
255 
255 
255 
255 
255 
255 
255 
255 
255 
255 
255 
255 
255 
255 
255 
255 
255 
255 
255 
255 
255 
255 
255 
255 
255 
255 
255 
255 
255 
255 
255 
255 
255 
255 
255 
255 
255 
255 
255 
255 
255 
255 
255 
255 
255 
255 
255 
255 
255 
255 
255 
255 
255 
255 
255 
255 
255 
255 
255 
255 
255 
255 
255 
255 
255 
255 
255 
255 
255 
255 
255 
255 
255 
255 
255 
255 
255 
255 
255 
255 
255 
255 
255 
255 
255 
255 
255 
255 
255 
255 
255 
255 
255 
255 
255 
255 
255 
255 
255 
255 
255 
255 
255 
255 
255 
255 
255 
255 
255 
255 
255 
255 
255 
255 
255 
255 
255 
255 
255 
255 
255 
255 
255 
255 
255 
255 
255 
255 
255 
255 
255 
255 
255 
255 
255 
255 
255 
255 
255 
255 
255 
255 
255 
255 
255 
255 
255 
255 
255 
255 
255 
255 
255 
255 
255 
255 
255 
255 
255 
255 
255 
255 
255 
255 
255 
255 
255 
255 
255 
255 
255 
255 
255 
255 
255 
255 
255 
255 
255 
255 
255 
255 
255 
255 
255 
255 
255 
255 
255 
255 
255 
255 
255 
255 
255 
255 
255 
255 
255 
255 
255 
255 
255 
255 
255 
255 
255 
255 
255 
255 
255 
255 
255 
255 
255 
255 
255 
255 
255 
255 
255 
255 
255 
255 
255 
255 
255 
255 
255 
255 
255 
255 
255 
255 
255 
255 
255 
255 
255 
255 
255 
255 
255 
255 
255 
255 
255 
255 
255 
255 
255 
255 
255 
255 
255 
255 
255 
255 
255 
255 
255 
255 
255 
255 
255 
255 
255 
255 
255 
255 
255 
255 
255 
255 
255 
255 
255 
255 
255 
255 
255 
255 
255 
255 
255 
255 
255 
255 
255 
255 
255 
255 
255 
255 
255 
255 
255 
255 
255 
255 
255 
255 
255 
255 
255 
255 
255 
255 
255 
255 
255 
255 
255 
255 
255 
255 
255 
255 
255 
255 
255 
255 
255 
255 
255 
255 
255 
255 
255 
255 
255 
255 
255 
255 
255 
255 
255 
255 
255 
255 
255 
255 
255 
255 
255 
255 
255 
255 
255 
255 
255 
255 
255 
255 
255 
255 
255 
255 
255 
255 
255 
255 
255 
255 
255 
255 
255 
255 
255 
255 
255 
255 
255 
255 
255 
255 
255 
255 
255 
255 
255 
255 
255 
255 
255 
255 
255 
255 
255 
255 
255 
255 
255 
255 
255 
255 
255 
255 
255 
255 
255 
255 
255 
255 
255 
255 
255 
255 
255 
255 
255 
255 
255 
255 
255 
255 
255 
255 
255 
255 
255 
255 
255 
255 
255 
255 
255 
255 
255 
255 
255 
255 
255 
255 
255 
255 
255 
255 
255 
255 
255 
255 
255 
255 
255 
255 
255 
255 
255 
255 
255 
255 
255 
255 
255 
255 
255 
255 
255 
255 
255 
255 
255 
255 
255 
255 
255 
255 
255 
255 
255 
255 
255 
255 
255 
255 
255 
255 
255 
255 
255 
255 
255 
255 
255 
255 
255 
255 
255 
255 
255 
255 
255 
255 
255 
255 
255 
255 
255 
255 
255 
255 
255 
255 
255 
255 
255 
255 
255 
255 
255 
255 
255 
255 
255 
255 
255 
255 
255 
255 
255 
255 
255 
255 
255 
255 
255 
255 
255 
255 
255 
255 
255 
255 
255 
255 
255 
255 
255 
255 
255 
255 
255 
255 
255 
255 
255 
255 
255 
255 
255 
255 
255 
255 
255 
255 
255 
255 
255 
255 
255 
255 
255 
255 
255 
255 
255 
255 
255 
255 
255 
255 
255 
255 
255 
255 
255 
255 
255 
255 
255 
255 
255 
255 
255 
255 
255 
255 
255 
255 
255 
255 
255 
255 
255 
255 
255 
255 
255 
255 
255 
255 
255 
255 
255 
255 
255 
255 
255 
255 
255 
255 
255 
255 
255 
255 
255 
255 
255 
255 
255 
255 
255 
255 
255 
255 
255 
255 
255 
255 
255 
255 
255 
255 
255 
255 
255 
255 
255 
255 
255 
255 
255 
255 
255 
255 
255 
255 
255 
255 
255 
255 
255 
255 
255 
255 
255 
255 
255 
255 
255 
255 
255 
255 
255 
255 
255 
255 
255 
255 
255 
255 
255 
255 
255 
255 
255 
255 
255 
255 
255 
255 
255 
255 
255 
