206 
155 
105 
52 
15 
30 
132 
250 
281 
281 
307 
295 
281 
289 
272 
256 
304 
353 
399 
440 
476 
502 
511 
511 
511 
504 
478 
444 
403 
357 
309 
258 
208 
128 
74 
39 
24 
22 
28 
40 
57 
81 
106 
138 
169 
201 
232 
268 
302 
349 
393 
432 
465 
490 
508 
511 
508 
493 
468 
435 
396 
353 
306 
258 
211 
149 
103 
65 
41 
32 
33 
42 
59 
83 
106 
135 
168 
200 
233 
265 
300 
345 
387 
425 
456 
480 
496 
503 
496 
483 
458 
427 
390 
349 
304 
258 
213 
156 
112 
77 
53 
41 
39 
47 
62 
83 
106 
136 
166 
197 
231 
264 
298 
341 
381 
417 
447 
470 
485 
490 
486 
471 
449 
419 
385 
345 
302 
258 
214 
162 
121 
87 
63 
50 
48 
54 
67 
86 
109 
137 
165 
197 
230 
261 
296 
338 
376 
410 
438 
460 
474 
479 
475 
462 
440 
413 
379 
341 
300 
257 
216 
166 
131 
96 
73 
60 
56 
60 
72 
89 
110 
136 
164 
197 
228 
261 
295 
333 
370 
404 
431 
451 
464 
469 
465 
452 
433 
406 
373 
338 
298 
257 
217 
173 
138 
106 
82 
69 
64 
67 
77 
92 
113 
139 
166 
198 
227 
261 
293 
330 
365 
397 
422 
442 
454 
459 
456 
443 
425 
399 
368 
333 
297 
257 
219 
176 
145 
113 
91 
77 
72 
73 
82 
97 
116 
140 
168 
198 
228 
258 
292 
327 
361 
391 
416 
434 
446 
450 
447 
435 
417 
393 
364 
330 
295 
257 
220 
180 
145 
115 
92 
78 
71 
73 
81 
95 
115 
138 
166 
196 
226 
258 
292 
327 
361 
391 
416 
434 
446 
450 
447 
435 
417 
393 
364 
330 
295 
257 
220 
182 
151 
122 
101 
87 
80 
80 
87 
100 
118 
142 
168 
196 
227 
258 
290 
324 
357 
385 
409 
427 
437 
441 
438 
428 
411 
387 
359 
327 
293 
257 
222 
185 
155 
129 
108 
93 
87 
87 
93 
106 
123 
145 
170 
199 
226 
258 
289 
321 
352 
380 
402 
419 
430 
433 
430 
420 
404 
382 
355 
324 
292 
257 
223 
188 
159 
135 
114 
100 
94 
94 
100 
112 
128 
150 
173 
201 
228 
258 
287 
318 
348 
375 
396 
412 
422 
426 
422 
413 
397 
377 
351 
321 
290 
257 
225 
191 
163 
140 
119 
107 
101 
101 
107 
118 
134 
154 
177 
204 
229 
258 
285 
316 
344 
369 
390 
405 
415 
418 
415 
407 
391 
371 
347 
318 
288 
257 
226 
194 
167 
145 
125 
113 
107 
107 
113 
124 
139 
158 
180 
206 
230 
258 
284 
313 
340 
364 
384 
398 
408 
411 
409 
399 
385 
366 
343 
316 
286 
257 
227 
196 
171 
150 
131 
119 
113 
113 
119 
129 
144 
162 
184 
207 
231 
258 
283 
311 
336 
359 
379 
392 
401 
405 
401 
393 
380 
361 
339 
313 
286 
257 
228 
199 
175 
153 
136 
124 
119 
119 
124 
135 
149 
166 
187 
210 
232 
258 
281 
309 
333 
355 
373 
387 
395 
398 
395 
388 
374 
357 
335 
311 
284 
257 
230 
200 
175 
153 
136 
124 
119 
119 
124 
135 
149 
166 
187 
209 
232 
258 
281 
309 
333 
355 
373 
387 
395 
398 
395 
388 
375 
357 
335 
311 
284 
257 
230 
201 
178 
157 
141 
130 
125 
125 
130 
140 
153 
170 
190 
211 
233 
258 
280 
306 
330 
351 
368 
381 
389 
392 
389 
382 
369 
353 
332 
309 
283 
257 
231 
204 
181 
162 
146 
136 
131 
131 
136 
144 
157 
173 
192 
214 
234 
257 
279 
304 
327 
347 
363 
376 
383 
386 
384 
377 
364 
349 
328 
306 
282 
257 
232 
206 
185 
166 
151 
141 
136 
136 
141 
150 
161 
177 
195 
215 
235 
257 
278 
302 
324 
343 
359 
370 
378 
381 
378 
371 
360 
345 
325 
304 
280 
257 
233 
207 
188 
170 
155 
146 
141 
141 
146 
153 
165 
180 
198 
216 
236 
257 
277 
300 
321 
339 
354 
365 
372 
375 
372 
366 
355 
341 
322 
302 
279 
257 
234 
210 
191 
173 
159 
150 
146 
146 
150 
158 
169 
184 
199 
218 
237 
257 
276 
298 
318 
335 
350 
361 
367 
370 
368 
361 
351 
336 
320 
300 
278 
257 
235 
212 
193 
177 
163 
154 
151 
151 
154 
162 
173 
187 
203 
220 
237 
257 
275 
297 
315 
332 
346 
356 
363 
365 
363 
357 
347 
332 
316 
297 
276 
255 
234 
214 
199 
184 
171 
161 
156 
154 
156 
162 
171 
184 
200 
216 
236 
256 
276 
296 
314 
329 
343 
353 
358 
360 
358 
352 
343 
329 
313 
296 
275 
255 
235 
216 
198 
184 
171 
161 
156 
154 
156 
162 
171 
184 
200 
216 
236 
256 
276 
296 
314 
329 
343 
353 
358 
360 
358 
352 
343 
329 
313 
296 
275 
255 
235 
216 
201 
187 
174 
165 
160 
158 
160 
166 
175 
187 
201 
218 
237 
256 
275 
294 
312 
326 
340 
349 
354 
356 
354 
348 
339 
326 
311 
294 
274 
255 
236 
218 
204 
190 
178 
169 
164 
162 
164 
170 
178 
190 
204 
220 
237 
256 
274 
293 
309 
323 
335 
345 
350 
352 
350 
344 
336 
323 
309 
292 
274 
255 
237 
219 
206 
192 
181 
173 
168 
166 
168 
173 
182 
193 
207 
221 
238 
256 
273 
291 
307 
321 
332 
341 
346 
348 
346 
341 
331 
320 
306 
291 
273 
255 
238 
221 
207 
195 
184 
177 
172 
170 
172 
177 
185 
196 
209 
223 
239 
256 
273 
290 
305 
318 
329 
337 
342 
344 
342 
336 
328 
317 
304 
289 
272 
255 
238 
222 
210 
198 
187 
180 
175 
174 
175 
180 
188 
198 
210 
224 
240 
256 
272 
288 
303 
315 
326 
334 
339 
340 
338 
333 
325 
315 
302 
288 
271 
255 
239 
224 
211 
200 
190 
183 
179 
177 
179 
183 
191 
201 
213 
225 
240 
256 
271 
287 
301 
313 
323 
330 
334 
337 
335 
330 
322 
312 
300 
287 
271 
255 
240 
225 
213 
203 
193 
186 
182 
181 
182 
186 
194 
203 
214 
227 
241 
256 
271 
285 
299 
310 
320 
327 
331 
332 
331 
327 
319 
310 
298 
284 
270 
255 
240 
226 
213 
203 
193 
186 
182 
181 
182 
186 
194 
203 
214 
227 
241 
256 
271 
285 
299 
310 
320 
327 
331 
332 
331 
327 
319 
310 
298 
284 
270 
255 
240 
226 
215 
205 
196 
189 
185 
184 
185 
189 
196 
205 
215 
228 
242 
256 
270 
284 
297 
308 
317 
324 
328 
329 
328 
324 
317 
308 
297 
283 
269 
255 
241 
227 
217 
207 
198 
192 
188 
187 
188 
192 
199 
207 
217 
229 
242 
256 
269 
282 
295 
306 
315 
321 
325 
326 
325 
321 
314 
306 
295 
282 
269 
255 
242 
229 
218 
209 
201 
195 
191 
190 
191 
195 
201 
209 
219 
230 
243 
256 
269 
281 
294 
304 
312 
318 
322 
323 
322 
318 
312 
304 
293 
281 
268 
255 
242 
230 
220 
210 
203 
197 
194 
193 
194 
198 
204 
211 
220 
231 
243 
256 
268 
280 
292 
302 
310 
316 
319 
320 
319 
315 
309 
302 
292 
280 
268 
255 
243 
231 
221 
212 
206 
200 
197 
195 
197 
200 
206 
213 
222 
232 
244 
256 
268 
279 
291 
300 
307 
313 
316 
318 
316 
313 
307 
300 
290 
279 
267 
255 
243 
232 
223 
214 
207 
202 
199 
198 
199 
203 
208 
214 
223 
233 
244 
256 
267 
278 
289 
298 
305 
311 
314 
315 
314 
310 
305 
298 
289 
278 
267 
255 
244 
233 
224 
216 
210 
204 
201 
200 
201 
205 
210 
216 
225 
234 
245 
256 
267 
277 
288 
296 
303 
308 
312 
313 
312 
308 
303 
296 
286 
277 
266 
255 
244 
234 
224 
216 
210 
205 
201 
200 
201 
205 
210 
216 
225 
234 
245 
256 
267 
277 
288 
296 
303 
308 
312 
313 
312 
308 
303 
296 
287 
277 
266 
255 
244 
234 
226 
217 
211 
207 
204 
203 
204 
207 
211 
218 
226 
235 
245 
256 
266 
276 
285 
295 
301 
306 
309 
310 
309 
306 
301 
294 
285 
276 
266 
255 
245 
235 
227 
219 
214 
209 
206 
205 
205 
208 
214 
219 
227 
236 
246 
256 
266 
275 
284 
293 
299 
304 
307 
308 
307 
304 
299 
293 
284 
275 
265 
255 
245 
236 
228 
221 
214 
211 
208 
207 
208 
211 
215 
221 
228 
237 
246 
256 
265 
274 
283 
291 
298 
302 
305 
306 
305 
302 
297 
291 
283 
274 
265 
255 
246 
237 
229 
222 
216 
212 
210 
209 
210 
212 
216 
222 
229 
238 
246 
256 
265 
274 
282 
290 
296 
300 
303 
304 
303 
300 
296 
290 
282 
273 
265 
255 
246 
237 
230 
223 
218 
214 
212 
211 
211 
214 
218 
224 
231 
238 
247 
256 
264 
273 
281 
289 
294 
298 
301 
302 
301 
298 
294 
288 
280 
273 
264 
255 
247 
238 
231 
225 
219 
216 
213 
213 
213 
216 
220 
225 
232 
239 
247 
256 
264 
272 
280 
287 
293 
296 
299 
300 
299 
296 
292 
286 
279 
272 
264 
255 
247 
239 
232 
226 
221 
217 
215 
214 
215 
217 
221 
226 
233 
240 
248 
256 
264 
271 
279 
285 
291 
295 
297 
298 
297 
295 
291 
285 
278 
271 
263 
255 
247 
240 
232 
226 
221 
217 
215 
214 
215 
217 
221 
226 
233 
240 
248 
256 
264 
271 
279 
285 
291 
295 
297 
298 
297 
295 
291 
285 
278 
271 
263 
255 
247 
240 
233 
227 
222 
219 
217 
216 
217 
219 
223 
228 
234 
240 
248 
256 
263 
271 
278 
284 
290 
293 
295 
296 
295 
293 
289 
283 
277 
271 
263 
255 
248 
240 
234 
229 
224 
220 
218 
218 
218 
220 
224 
229 
235 
241 
248 
256 
263 
270 
277 
282 
288 
292 
294 
294 
294 
292 
288 
282 
276 
270 
263 
255 
248 
241 
235 
230 
225 
222 
220 
219 
220 
222 
225 
230 
235 
242 
249 
256 
263 
270 
276 
281 
286 
290 
292 
293 
292 
290 
286 
281 
276 
269 
262 
255 
248 
241 
236 
231 
226 
223 
221 
221 
221 
223 
227 
231 
236 
242 
249 
256 
262 
269 
275 
280 
285 
288 
291 
291 
291 
289 
284 
280 
275 
269 
262 
255 
249 
242 
237 
232 
228 
225 
223 
222 
223 
225 
228 
232 
237 
243 
249 
256 
262 
268 
274 
279 
283 
286 
289 
290 
289 
286 
283 
279 
274 
268 
262 
255 
249 
243 
238 
233 
230 
228 
228 
229 
230 
233 
236 
239 
243 
247 
251 
256 
259 
263 
266 
268 
269 
270 
270 
270 
269 
268 
266 
265 
262 
260 
258 
255 
253 
252 
250 
249 
248 
247 
247 
248 
248 
249 
250 
251 
252 
253 
254 
256 
257 
258 
259 
259 
260 
260 
260 
260 
260 
259 
259 
258 
258 
257 
256 
255 
255 
254 
254 
253 
253 
253 
253 
253 
253 
253 
254 
254 
254 
255 
255 
256 
256 
256 
256 
257 
257 
257 
257 
257 
257 
257 
255 
255 
255 
255 
255 
255 
255 
255 
255 
255 
255 
255 
255 
255 
255 
255 
255 
255 
255 
255 
255 
255 
255 
255 
255 
255 
255 
255 
255 
255 
255 
255 
255 
255 
255 
255 
255 
255 
255 
255 
255 
255 
255 
255 
255 
255 
255 
255 
255 
255 
255 
255 
255 
255 
255 
255 
255 
255 
255 
255 
255 
255 
255 
255 
255 
255 
255 
255 
255 
255 
255 
255 
255 
255 
255 
255 
255 
255 
255 
255 
255 
255 
255 
255 
255 
255 
255 
255 
255 
255 
255 
255 
255 
255 
255 
255 
255 
255 
255 
255 
255 
255 
255 
255 
255 
255 
255 
255 
255 
255 
255 
255 
255 
255 
255 
255 
255 
255 
255 
255 
255 
255 
255 
255 
255 
255 
255 
255 
255 
255 
255 
255 
255 
255 
255 
255 
255 
255 
255 
255 
255 
255 
255 
255 
255 
255 
255 
255 
255 
255 
255 
255 
255 
255 
255 
255 
255 
255 
255 
255 
255 
255 
255 
255 
255 
255 
255 
255 
255 
255 
255 
255 
255 
255 
255 
255 
255 
255 
255 
255 
255 
255 
255 
255 
255 
255 
255 
255 
255 
255 
255 
255 
255 
255 
255 
255 
255 
255 
255 
255 
255 
255 
255 
255 
255 
255 
255 
255 
255 
255 
255 
255 
255 
255 
255 
255 
255 
255 
255 
255 
255 
255 
255 
255 
255 
255 
255 
255 
255 
255 
255 
255 
255 
255 
255 
255 
255 
255 
255 
255 
255 
255 
255 
255 
255 
255 
255 
255 
255 
255 
255 
255 
255 
255 
255 
255 
255 
255 
255 
255 
255 
255 
255 
255 
255 
255 
255 
255 
255 
255 
255 
255 
255 
255 
255 
255 
255 
255 
255 
255 
255 
255 
255 
255 
255 
255 
255 
255 
255 
255 
255 
255 
255 
255 
255 
255 
255 
255 
255 
255 
255 
255 
255 
255 
255 
255 
255 
255 
255 
255 
255 
255 
255 
255 
255 
255 
255 
255 
255 
255 
255 
255 
255 
255 
255 
255 
255 
255 
255 
255 
255 
255 
255 
255 
255 
255 
255 
255 
255 
255 
255 
255 
255 
255 
255 
255 
255 
255 
255 
255 
255 
255 
255 
255 
255 
255 
255 
255 
255 
255 
255 
255 
255 
255 
255 
255 
255 
255 
255 
255 
255 
255 
255 
255 
255 
255 
255 
255 
255 
255 
255 
255 
255 
255 
255 
255 
255 
255 
255 
255 
255 
255 
255 
255 
255 
255 
255 
255 
255 
255 
255 
255 
255 
255 
255 
255 
255 
255 
255 
255 
255 
255 
255 
255 
255 
255 
255 
255 
255 
255 
255 
255 
255 
255 
255 
255 
255 
255 
255 
255 
255 
255 
255 
255 
255 
255 
255 
255 
255 
255 
255 
255 
255 
255 
255 
255 
255 
255 
255 
255 
255 
255 
255 
255 
255 
255 
255 
255 
255 
255 
255 
255 
255 
255 
255 
255 
255 
255 
255 
255 
255 
255 
255 
255 
255 
255 
255 
255 
255 
255 
255 
255 
255 
255 
255 
255 
255 
255 
255 
255 
255 
255 
255 
255 
255 
255 
255 
255 
255 
255 
255 
255 
255 
255 
255 
255 
255 
255 
255 
255 
255 
255 
255 
255 
255 
255 
255 
255 
255 
255 
255 
255 
255 
255 
255 
255 
255 
255 
255 
255 
255 
255 
255 
255 
255 
255 
255 
255 
255 
255 
255 
255 
255 
255 
255 
255 
255 
255 
255 
255 
255 
255 
255 
255 
255 
255 
255 
255 
255 
255 
255 
255 
255 
255 
255 
255 
255 
255 
255 
255 
255 
255 
255 
255 
255 
255 
255 
255 
255 
255 
255 
255 
255 
255 
255 
255 
255 
255 
255 
255 
255 
255 
255 
255 
255 
255 
255 
255 
255 
255 
255 
255 
255 
255 
255 
255 
255 
255 
255 
255 
255 
255 
255 
255 
255 
255 
255 
255 
255 
255 
255 
255 
255 
255 
255 
255 
255 
255 
255 
255 
255 
255 
255 
255 
255 
255 
255 
255 
255 
255 
255 
255 
255 
255 
255 
255 
255 
255 
255 
255 
255 
255 
255 
255 
255 
255 
255 
255 
255 
255 
255 
255 
255 
255 
255 
255 
255 
255 
255 
255 
255 
255 
255 
255 
255 
255 
255 
255 
255 
255 
255 
255 
255 
255 
255 
255 
255 
255 
255 
255 
255 
255 
255 
255 
255 
255 
255 
255 
255 
255 
255 
255 
255 
255 
255 
255 
255 
255 
255 
255 
255 
255 
255 
255 
255 
255 
255 
255 
255 
255 
255 
255 
255 
255 
255 
255 
255 
255 
255 
255 
255 
255 
255 
255 
255 
255 
255 
255 
255 
255 
255 
255 
255 
255 
255 
255 
255 
255 
255 
255 
255 
255 
255 
255 
255 
255 
255 
255 
255 
255 
255 
255 
255 
255 
255 
255 
255 
255 
255 
255 
255 
255 
255 
255 
255 
255 
255 
255 
255 
255 
255 
255 
255 
255 
255 
255 
255 
255 
255 
255 
255 
255 
255 
255 
255 
255 
255 
255 
255 
255 
255 
255 
255 
255 
255 
255 
255 
255 
255 
255 
255 
255 
255 
255 
255 
255 
255 
255 
255 
255 
255 
255 
255 
255 
255 
255 
255 
255 
255 
255 
255 
255 
255 
255 
255 
255 
255 
255 
255 
255 
255 
255 
255 
255 
255 
255 
255 
255 
255 
255 
255 
255 
255 
255 
255 
255 
255 
255 
255 
255 
255 
255 
255 
255 
255 
255 
255 
255 
255 
255 
255 
255 
255 
255 
255 
255 
255 
255 
255 
255 
255 
255 
255 
255 
255 
255 
255 
255 
255 
255 
255 
255 
255 
255 
255 
255 
255 
255 
255 
255 
255 
255 
255 
255 
255 
255 
255 
255 
255 
255 
255 
255 
255 
255 
255 
255 
255 
255 
255 
255 
255 
255 
255 
255 
255 
255 
255 
255 
255 
255 
255 
255 
255 
255 
255 
255 
255 
255 
255 
255 
255 
255 
255 
255 
255 
255 
255 
255 
255 
255 
255 
255 
255 
255 
255 
255 
255 
255 
255 
255 
255 
255 
255 
255 
255 
255 
255 
255 
255 
255 
255 
255 
255 
255 
255 
255 
255 
255 
255 
255 
255 
255 
255 
255 
255 
255 
255 
255 
255 
255 
255 
255 
255 
255 
255 
255 
255 
255 
255 
255 
255 
255 
255 
255 
255 
255 
255 
255 
255 
255 
255 
255 
255 
255 
255 
255 
255 
255 
255 
255 
255 
255 
255 
255 
255 
255 
255 
255 
255 
255 
255 
255 
255 
255 
255 
255 
255 
255 
255 
255 
255 
255 
255 
255 
255 
255 
255 
255 
255 
255 
255 
255 
255 
255 
255 
255 
255 
255 
255 
255 
255 
255 
255 
255 
255 
255 
255 
255 
255 
255 
255 
255 
255 
255 
255 
255 
255 
255 
255 
255 
255 
255 
255 
255 
255 
255 
255 
255 
255 
255 
255 
255 
255 
255 
255 
255 
255 
255 
255 
255 
255 
255 
255 
255 
255 
255 
255 
255 
255 
255 
255 
255 
255 
255 
255 
255 
255 
255 
255 
255 
255 
255 
255 
255 
255 
255 
255 
255 
255 
255 
255 
255 
255 
255 
255 
255 
255 
255 
255 
255 
255 
255 
255 
255 
255 
255 
255 
255 
255 
255 
255 
255 
255 
255 
255 
255 
255 
255 
255 
255 
255 
255 
255 
255 
255 
255 
255 
255 
255 
255 
255 
255 
255 
255 
255 
255 
255 
255 
255 
255 
255 
255 
255 
255 
255 
255 
255 
255 
255 
255 
255 
255 
255 
255 
255 
255 
255 
255 
255 
255 
255 
255 
255 
255 
255 
255 
255 
255 
255 
255 
255 
255 
255 
255 
255 
255 
255 
255 
255 
255 
255 
255 
255 
255 
255 
255 
255 
255 
255 
255 
255 
255 
255 
255 
255 
255 
255 
255 
255 
255 
255 
255 
255 
255 
255 
255 
255 
255 
255 
255 
255 
255 
255 
255 
255 
255 
255 
255 
255 
255 
255 
255 
255 
255 
255 
255 
255 
255 
255 
255 
255 
255 
255 
255 
255 
255 
255 
255 
255 
255 
255 
255 
255 
255 
255 
255 
255 
255 
255 
255 
255 
255 
255 
255 
255 
255 
255 
255 
255 
255 
255 
255 
255 
255 
255 
255 
255 
255 
255 
255 
255 
255 
255 
255 
255 
255 
255 
255 
255 
255 
255 
255 
255 
255 
255 
255 
255 
255 
255 
255 
255 
255 
255 
255 
255 
255 
255 
255 
255 
255 
255 
255 
255 
255 
255 
255 
255 
255 
255 
255 
255 
255 
255 
255 
255 
255 
255 
255 
255 
255 
255 
255 
255 
255 
255 
255 
255 
255 
255 
255 
255 
255 
255 
255 
255 
255 
255 
255 
255 
255 
255 
255 
255 
255 
255 
255 
255 
255 
255 
255 
255 
255 
255 
255 
255 
255 
255 
255 
255 
255 
255 
255 
255 
255 
255 
255 
255 
255 
255 
255 
255 
255 
255 
255 
255 
255 
255 
255 
255 
255 
255 
255 
255 
255 
255 
255 
255 
255 
255 
255 
255 
255 
255 
255 
255 
255 
255 
255 
255 
255 
255 
255 
255 
255 
255 
255 
255 
255 
255 
255 
255 
255 
255 
255 
255 
255 
255 
255 
255 
255 
255 
255 
255 
255 
255 
255 
255 
255 
255 
255 
255 
255 
255 
255 
255 
255 
255 
255 
255 
255 
255 
255 
255 
255 
255 
255 
255 
255 
255 
255 
255 
255 
255 
255 
255 
255 
255 
255 
255 
255 
255 
255 
255 
255 
255 
255 
255 
255 
255 
255 
255 
255 
255 
255 
255 
255 
255 
255 
255 
255 
255 
255 
255 
255 
255 
255 
255 
255 
255 
255 
255 
255 
255 
255 
255 
255 
255 
255 
255 
255 
255 
255 
255 
255 
255 
255 
255 
255 
255 
255 
255 
255 
255 
255 
255 
255 
255 
255 
255 
255 
255 
255 
255 
255 
255 
255 
255 
255 
255 
255 
255 
255 
255 
255 
255 
255 
255 
255 
255 
255 
255 
255 
255 
255 
255 
255 
255 
255 
255 
255 
255 
255 
255 
255 
255 
255 
255 
255 
255 
255 
255 
255 
255 
255 
255 
255 
255 
255 
255 
255 
255 
255 
255 
255 
255 
255 
255 
255 
255 
255 
255 
255 
255 
255 
255 
255 
255 
255 
255 
255 
255 
255 
255 
255 
255 
255 
255 
255 
255 
255 
255 
255 
255 
255 
255 
255 
255 
255 
255 
255 
255 
255 
255 
255 
255 
255 
255 
255 
255 
255 
255 
255 
255 
255 
255 
255 
255 
255 
255 
255 
255 
255 
255 
255 
255 
255 
255 
255 
255 
255 
255 
255 
255 
255 
255 
255 
255 
255 
255 
255 
255 
255 
255 
255 
255 
255 
255 
255 
255 
255 
255 
255 
255 
255 
255 
255 
255 
255 
255 
255 
255 
255 
255 
255 
255 
255 
255 
255 
255 
255 
255 
255 
255 
255 
255 
255 
255 
255 
255 
255 
255 
255 
255 
255 
255 
255 
255 
255 
255 
255 
255 
255 
255 
255 
255 
255 
255 
255 
255 
255 
255 
255 
255 
255 
255 
255 
255 
255 
255 
255 
255 
255 
255 
255 
255 
255 
255 
255 
255 
255 
255 
255 
255 
255 
255 
255 
255 
255 
255 
255 
255 
255 
255 
255 
255 
255 
255 
255 
255 
255 
255 
255 
255 
255 
255 
255 
255 
255 
255 
255 
255 
255 
255 
255 
255 
255 
255 
255 
255 
255 
255 
255 
255 
255 
255 
255 
255 
255 
255 
255 
255 
255 
255 
255 
255 
255 
255 
255 
255 
255 
255 
255 
255 
255 
255 
255 
255 
255 
255 
255 
255 
255 
255 
255 
255 
255 
255 
255 
255 
255 
255 
255 
255 
255 
255 
255 
255 
255 
255 
255 
255 
255 
255 
255 
255 
255 
255 
255 
255 
255 
255 
255 
255 
255 
255 
255 
255 
255 
255 
255 
255 
255 
255 
255 
255 
255 
255 
255 
255 
255 
255 
255 
255 
255 
255 
255 
255 
255 
255 
255 
255 
255 
255 
255 
255 
255 
255 
255 
255 
255 
255 
255 
255 
255 
255 
255 
255 
255 
255 
255 
255 
255 
255 
255 
255 
255 
255 
255 
255 
255 
255 
255 
255 
255 
255 
255 
255 
255 
255 
255 
255 
255 
255 
255 
255 
255 
255 
255 
255 
255 
255 
255 
255 
255 
255 
255 
255 
255 
255 
255 
255 
255 
255 
255 
255 
255 
255 
255 
255 
255 
255 
255 
255 
255 
255 
255 
255 
255 
255 
255 
255 
255 
255 
255 
255 
255 
255 
255 
255 
255 
255 
255 
255 
255 
255 
255 
255 
255 
255 
255 
255 
255 
255 
255 
255 
255 
255 
255 
255 
255 
255 
255 
255 
255 
255 
255 
255 
255 
255 
255 
255 
255 
255 
255 
255 
255 
255 
255 
255 
255 
255 
255 
255 
255 
255 
255 
255 
255 
255 
255 
255 
255 
255 
255 
255 
255 
255 
255 
255 
255 
255 
255 
255 
255 
255 
255 
255 
255 
255 
255 
255 
255 
255 
255 
255 
255 
255 
255 
255 
255 
255 
255 
255 
255 
255 
255 
255 
255 
255 
255 
255 
255 
255 
255 
255 
255 
255 
255 
255 
255 
255 
255 
255 
255 
255 
255 
255 
255 
255 
255 
255 
255 
255 
255 
255 
255 
255 
255 
255 
255 
255 
255 
255 
255 
255 
255 
255 
255 
255 
255 
255 
255 
255 
255 
255 
255 
255 
255 
255 
255 
255 
255 
255 
255 
255 
255 
255 
255 
255 
255 
255 
255 
255 
255 
255 
255 
255 
255 
255 
255 
255 
255 
255 
255 
255 
255 
255 
255 
255 
255 
255 
255 
255 
255 
255 
255 
255 
255 
255 
255 
255 
255 
255 
255 
255 
255 
255 
255 
255 
255 
255 
255 
255 
255 
255 
255 
255 
255 
255 
255 
255 
255 
255 
255 
255 
255 
255 
255 
255 
255 
255 
255 
255 
255 
255 
255 
255 
255 
255 
255 
255 
255 
255 
255 
255 
255 
255 
255 
255 
255 
255 
255 
255 
255 
255 
255 
255 
255 
255 
255 
255 
255 
255 
255 
255 
255 
255 
255 
255 
255 
255 
255 
255 
255 
255 
255 
255 
255 
255 
255 
255 
255 
255 
255 
255 
255 
255 
255 
255 
255 
255 
255 
255 
255 
255 
255 
255 
255 
255 
255 
255 
255 
255 
255 
255 
255 
255 
255 
255 
255 
255 
255 
255 
255 
255 
255 
255 
255 
255 
255 
255 
255 
255 
255 
255 
255 
255 
255 
255 
255 
255 
255 
255 
255 
255 
255 
255 
255 
255 
255 
255 
255 
255 
255 
255 
255 
255 
255 
255 
255 
255 
255 
255 
255 
255 
255 
255 
255 
255 
255 
255 
255 
255 
255 
255 
255 
255 
255 
255 
255 
255 
255 
255 
255 
255 
255 
255 
255 
255 
255 
255 
255 
255 
255 
255 
255 
255 
255 
255 
255 
255 
255 
255 
255 
255 
255 
255 
255 
255 
255 
255 
255 
255 
255 
255 
255 
255 
255 
255 
255 
255 
255 
255 
255 
255 
255 
255 
255 
255 
255 
255 
255 
255 
255 
255 
255 
255 
255 
255 
255 
255 
255 
255 
255 
255 
255 
255 
255 
255 
255 
255 
255 
255 
255 
255 
255 
255 
255 
255 
255 
255 
255 
255 
255 
255 
255 
255 
255 
255 
255 
255 
255 
255 
255 
255 
255 
255 
255 
255 
255 
255 
255 
255 
255 
255 
255 
255 
255 
255 
255 
255 
255 
255 
255 
255 
255 
255 
255 
255 
255 
255 
255 
255 
255 
255 
255 
255 
255 
255 
255 
255 
255 
255 
255 
255 
255 
255 
255 
255 
255 
255 
255 
255 
255 
255 
255 
255 
255 
255 
255 
255 
255 
255 
255 
255 
255 
255 
255 
255 
255 
255 
255 
255 
255 
255 
255 
255 
255 
255 
255 
255 
255 
255 
255 
255 
255 
255 
255 
255 
255 
255 
255 
255 
255 
255 
255 
255 
255 
255 
255 
255 
255 
255 
255 
255 
255 
255 
255 
255 
255 
255 
255 
255 
255 
255 
255 
255 
255 
255 
255 
255 
255 
255 
255 
255 
255 
255 
255 
255 
255 
255 
255 
255 
255 
255 
255 
255 
255 
255 
255 
255 
255 
255 
255 
255 
255 
255 
255 
255 
255 
255 
255 
255 
255 
255 
255 
255 
255 
255 
255 
255 
255 
255 
255 
255 
255 
255 
255 
255 
255 
255 
255 
255 
255 
255 
255 
255 
255 
255 
255 
255 
255 
255 
255 
255 
255 
255 
255 
255 
255 
255 
255 
255 
255 
255 
255 
255 
255 
255 
255 
255 
255 
255 
255 
255 
255 
255 
255 
255 
255 
255 
255 
255 
255 
255 
255 
255 
255 
255 
255 
255 
255 
255 
255 
255 
255 
255 
255 
255 
255 
255 
255 
255 
255 
255 
255 
255 
255 
255 
255 
255 
255 
255 
255 
255 
255 
255 
255 
255 
255 
255 
255 
255 
255 
255 
255 
255 
255 
255 
255 
255 
255 
255 
255 
255 
255 
255 
255 
255 
255 
255 
255 
255 
255 
255 
255 
255 
255 
255 
255 
255 
255 
255 
255 
255 
255 
255 
255 
255 
255 
255 
255 
255 
255 
255 
255 
255 
255 
255 
255 
255 
255 
255 
255 
255 
255 
255 
255 
255 
255 
255 
255 
255 
255 
255 
255 
255 
255 
255 
255 
255 
255 
255 
255 
255 
255 
255 
255 
255 
255 
255 
255 
255 
255 
255 
255 
255 
255 
255 
255 
255 
255 
255 
255 
255 
255 
255 
255 
255 
255 
255 
255 
255 
255 
255 
255 
255 
255 
255 
255 
255 
255 
255 
255 
255 
255 
255 
255 
255 
255 
255 
255 
255 
255 
255 
255 
255 
255 
255 
255 
255 
255 
255 
255 
255 
255 
255 
255 
255 
255 
255 
255 
255 
255 
255 
255 
255 
255 
255 
255 
255 
255 
255 
255 
255 
255 
255 
255 
255 
255 
255 
255 
255 
255 
255 
255 
255 
255 
255 
255 
255 
255 
255 
255 
255 
255 
255 
255 
255 
255 
255 
255 
255 
255 
255 
255 
255 
255 
255 
255 
255 
255 
255 
255 
255 
255 
255 
255 
255 
255 
255 
255 
255 
255 
255 
255 
255 
255 
255 
255 
255 
255 
255 
255 
255 
255 
255 
255 
255 
255 
255 
255 
255 
255 
255 
255 
255 
255 
255 
255 
255 
255 
255 
255 
255 
255 
255 
255 
255 
255 
255 
255 
255 
255 
255 
255 
255 
255 
255 
255 
255 
255 
255 
255 
255 
255 
255 
255 
255 
255 
255 
255 
255 
255 
255 
255 
255 
255 
255 
255 
255 
255 
255 
255 
255 
255 
255 
255 
255 
255 
255 
255 
255 
255 
255 
255 
255 
255 
255 
255 
255 
255 
255 
255 
255 
255 
255 
255 
255 
255 
255 
255 
255 
255 
255 
255 
255 
255 
255 
255 
255 
255 
255 
255 
255 
255 
255 
255 
255 
255 
255 
255 
255 
255 
255 
255 
255 
255 
255 
255 
255 
255 
255 
255 
255 
255 
255 
255 
255 
255 
255 
255 
255 
255 
255 
255 
255 
255 
255 
255 
255 
255 
255 
255 
255 
255 
255 
255 
255 
255 
255 
255 
255 
255 
255 
255 
255 
255 
255 
255 
255 
255 
255 
255 
255 
255 
255 
255 
255 
255 
255 
255 
255 
255 
255 
255 
255 
255 
255 
255 
255 
255 
255 
255 
255 
255 
255 
255 
255 
255 
255 
255 
255 
255 
255 
255 
255 
255 
255 
255 
255 
255 
255 
255 
255 
255 
255 
255 
255 
255 
255 
255 
255 
255 
255 
255 
255 
255 
255 
255 
255 
255 
255 
255 
255 
255 
255 
255 
255 
255 
255 
255 
255 
255 
255 
255 
255 
255 
255 
255 
255 
255 
255 
255 
255 
255 
255 
255 
255 
255 
255 
255 
255 
255 
255 
255 
255 
255 
255 
255 
255 
255 
255 
255 
255 
255 
255 
255 
255 
255 
255 
255 
255 
255 
255 
255 
255 
255 
255 
255 
255 
255 
255 
255 
255 
255 
255 
255 
255 
255 
255 
255 
255 
255 
255 
255 
255 
255 
255 
255 
255 
255 
255 
255 
255 
255 
255 
255 
255 
255 
255 
255 
255 
255 
255 
255 
255 
255 
255 
255 
255 
255 
255 
255 
255 
255 
255 
255 
255 
255 
255 
255 
255 
255 
255 
255 
255 
255 
255 
255 
255 
255 
255 
255 
255 
255 
255 
255 
255 
255 
255 
255 
255 
255 
255 
255 
255 
255 
255 
255 
255 
255 
255 
255 
255 
255 
255 
255 
255 
255 
255 
255 
255 
255 
255 
255 
255 
255 
255 
255 
255 
255 
255 
255 
255 
255 
255 
255 
255 
255 
255 
255 
255 
255 
255 
255 
255 
255 
255 
255 
255 
255 
255 
255 
255 
255 
255 
255 
255 
255 
255 
255 
255 
255 
255 
255 
255 
255 
255 
255 
255 
255 
255 
255 
255 
255 
255 
255 
255 
255 
255 
255 
255 
255 
255 
255 
255 
255 
255 
255 
255 
255 
255 
255 
255 
255 
255 
255 
255 
255 
255 
255 
255 
255 
255 
255 
255 
255 
255 
255 
255 
255 
255 
255 
255 
255 
255 
255 
255 
255 
255 
255 
255 
255 
255 
255 
255 
255 
255 
255 
255 
255 
255 
255 
255 
255 
255 
255 
255 
255 
255 
255 
255 
255 
255 
255 
255 
255 
255 
255 
255 
255 
255 
255 
255 
255 
255 
255 
255 
255 
255 
255 
255 
255 
255 
255 
255 
255 
255 
255 
255 
255 
255 
255 
255 
255 
255 
255 
255 
255 
255 
255 
255 
255 
255 
255 
255 
255 
255 
255 
255 
255 
255 
255 
255 
255 
255 
255 
255 
255 
255 
255 
255 
255 
255 
255 
255 
255 
255 
255 
255 
255 
255 
255 
255 
255 
255 
255 
255 
255 
255 
255 
255 
255 
255 
255 
255 
255 
255 
255 
255 
255 
255 
255 
255 
255 
255 
255 
255 
255 
255 
255 
255 
255 
255 
255 
255 
255 
255 
255 
255 
255 
255 
255 
255 
255 
255 
255 
255 
255 
255 
255 
255 
255 
255 
255 
255 
255 
255 
255 
255 
255 
255 
255 
255 
255 
255 
255 
255 
255 
255 
255 
255 
255 
255 
255 
255 
255 
255 
255 
255 
255 
255 
255 
255 
255 
255 
255 
255 
255 
255 
255 
255 
255 
255 
255 
255 
255 
255 
255 
255 
255 
255 
255 
255 
255 
255 
255 
255 
255 
255 
255 
255 
255 
255 
255 
255 
255 
255 
255 
255 
255 
255 
255 
255 
255 
255 
255 
255 
255 
255 
255 
255 
255 
255 
255 
255 
255 
255 
255 
255 
255 
255 
255 
255 
255 
255 
255 
255 
255 
255 
255 
255 
255 
255 
255 
255 
255 
255 
255 
255 
255 
255 
255 
255 
255 
255 
255 
255 
255 
255 
255 
255 
255 
255 
255 
255 
255 
255 
255 
255 
255 
255 
255 
255 
255 
255 
255 
255 
255 
255 
255 
255 
255 
255 
255 
255 
255 
255 
255 
255 
255 
255 
255 
255 
255 
255 
255 
255 
255 
255 
255 
255 
255 
255 
255 
255 
255 
255 
255 
255 
255 
255 
255 
255 
255 
255 
255 
255 
255 
255 
255 
255 
255 
255 
255 
255 
255 
255 
255 
255 
255 
255 
255 
255 
255 
255 
255 
255 
255 
255 
255 
255 
255 
255 
255 
255 
255 
255 
255 
255 
255 
255 
255 
255 
255 
255 
255 
255 
255 
255 
255 
255 
255 
255 
255 
255 
255 
255 
255 
255 
255 
255 
255 
255 
255 
255 
255 
255 
255 
255 
255 
255 
255 
255 
255 
255 
255 
255 
255 
255 
255 
255 
255 
255 
255 
255 
255 
255 
255 
255 
255 
255 
255 
255 
255 
255 
255 
255 
255 
255 
255 
255 
255 
255 
255 
255 
255 
255 
255 
255 
255 
255 
255 
255 
255 
255 
255 
255 
255 
255 
255 
255 
255 
255 
255 
255 
255 
255 
255 
255 
255 
255 
255 
255 
255 
255 
255 
255 
255 
255 
255 
255 
255 
255 
255 
255 
255 
255 
255 
255 
255 
255 
255 
255 
255 
255 
255 
255 
255 
255 
255 
255 
255 
255 
255 
255 
255 
255 
255 
255 
255 
255 
255 
255 
255 
255 
255 
255 
255 
255 
255 
255 
255 
255 
255 
255 
255 
255 
255 
255 
255 
255 
255 
255 
255 
255 
255 
255 
255 
255 
255 
255 
255 
255 
255 
255 
255 
255 
255 
255 
255 
255 
255 
255 
255 
255 
255 
255 
255 
255 
255 
255 
255 
255 
255 
255 
255 
255 
255 
255 
255 
255 
255 
255 
255 
255 
255 
255 
255 
255 
255 
255 
255 
255 
255 
255 
255 
255 
255 
255 
255 
255 
255 
255 
255 
255 
255 
255 
255 
255 
255 
255 
255 
255 
255 
255 
255 
255 
255 
255 
255 
255 
255 
255 
255 
255 
255 
255 
255 
255 
255 
255 
255 
255 
255 
255 
255 
255 
255 
255 
255 
255 
255 
255 
255 
255 
255 
255 
255 
255 
255 
255 
255 
255 
255 
255 
255 
255 
255 
255 
255 
255 
255 
255 
255 
255 
255 
255 
255 
255 
255 
255 
255 
255 
255 
255 
255 
255 
255 
255 
255 
255 
255 
255 
255 
255 
255 
255 
255 
255 
255 
255 
255 
255 
255 
255 
255 
255 
255 
255 
255 
255 
255 
255 
255 
255 
255 
255 
255 
255 
255 
255 
255 
255 
255 
255 
255 
255 
255 
255 
255 
255 
255 
255 
255 
255 
255 
255 
255 
255 
255 
255 
255 
255 
255 
255 
255 
255 
255 
255 
255 
255 
255 
255 
255 
255 
255 
255 
255 
255 
255 
255 
255 
255 
255 
