253 
252 
250 
248 
247 
245 
244 
239 
234 
230 
222 
215 
201 
188 
168 
144 
117 
83 
47 
21 
12 
33 
90 
168 
242 
295 
290 
222 
173 
124 
85 
51 
28 
16 
21 
26 
34 
48 
62 
78 
93 
105 
116 
123 
130 
134 
138 
142 
146 
147 
148 
147 
146 
144 
143 
142 
138 
136 
138 
136 
133 
131 
130 
128 
127 
123 
122 
121 
120 
119 
116 
115 
112 
112 
111 
110 
109 
107 
106 
103 
102 
100 
99 
98 
97 
94 
92 
93 
91 
90 
89 
88 
87 
86 
85 
84 
83 
80 
87 
86 
84 
84 
83 
80 
79 
78 
79 
78 
77 
76 
74 
72 
73 
71 
70 
70 
69 
69 
66 
65 
65 
64 
65 
64 
63 
62 
61 
60 
59 
59 
58 
58 
56 
56 
55 
55 
53 
53 
52 
52 
51 
51 
50 
50 
50 
49 
49 
47 
47 
46 
45 
45 
44 
44 
44 
44 
43 
42 
42 
41 
42 
41 
49 
48 
48 
48 
47 
47 
47 
46 
47 
46 
46 
45 
45 
44 
44 
44 
43 
43 
42 
42 
42 
42 
42 
41 
43 
41 
41 
42 
42 
42 
41 
41 
41 
41 
40 
40 
40 
40 
39 
40 
40 
40 
40 
40 
40 
39 
39 
39 
39 
39 
39 
39 
39 
39 
39 
39 
39 
39 
39 
39 
39 
39 
39 
40 
48 
48 
48 
48 
48 
48 
49 
49 
49 
49 
49 
49 
49 
49 
49 
50 
49 
50 
51 
51 
51 
51 
51 
51 
51 
51 
52 
52 
52 
53 
52 
52 
53 
54 
53 
54 
54 
54 
54 
55 
55 
55 
56 
56 
55 
57 
58 
58 
58 
58 
58 
59 
59 
60 
60 
60 
61 
61 
61 
61 
62 
62 
62 
62 
71 
72 
72 
73 
73 
73 
73 
74 
74 
74 
74 
75 
75 
76 
76 
77 
78 
78 
79 
79 
80 
81 
81 
82 
81 
82 
83 
83 
84 
85 
86 
86 
87 
87 
88 
89 
89 
89 
90 
92 
91 
92 
93 
93 
94 
94 
95 
95 
96 
97 
98 
98 
99 
98 
99 
100 
101 
102 
102 
103 
104 
105 
106 
107 
112 
113 
113 
115 
115 
116 
116 
118 
118 
119 
120 
119 
119 
120 
121 
122 
123 
124 
125 
126 
127 
127 
128 
129 
128 
129 
130 
131 
132 
133 
134 
135 
136 
137 
138 
139 
140 
141 
142 
143 
142 
143 
144 
144 
146 
147 
147 
149 
150 
151 
152 
153 
152 
153 
153 
154 
155 
156 
157 
158 
159 
160 
161 
162 
167 
166 
167 
168 
169 
170 
171 
172 
173 
174 
175 
176 
177 
178 
177 
178 
180 
181 
182 
183 
184 
185 
186 
187 
188 
189 
190 
191 
190 
191 
192 
194 
195 
196 
197 
198 
199 
200 
201 
202 
203 
205 
206 
205 
206 
207 
207 
209 
210 
211 
211 
213 
214 
215 
216 
217 
218 
219 
220 
219 
220 
222 
223 
224 
226 
227 
228 
230 
231 
232 
233 
234 
235 
236 
237 
238 
237 
238 
239 
241 
242 
243 
244 
245 
246 
247 
248 
249 
251 
252 
253 
254 
255 
256 
255 
256 
257 
258 
259 
260 
262 
263 
264 
265 
266 
267 
268 
269 
270 
272 
273 
274 
275 
276 
277 
278 
279 
280 
281 
283 
284 
285 
286 
287 
289 
290 
291 
292 
292 
293 
294 
295 
296 
297 
298 
299 
300 
301 
302 
303 
304 
305 
306 
307 
308 
309 
310 
311 
312 
313 
314 
315 
316 
317 
318 
319 
320 
321 
322 
323 
324 
325 
326 
327 
328 
329 
330 
331 
332 
333 
334 
335 
336 
337 
338 
338 
340 
340 
342 
342 
344 
345 
346 
347 
348 
349 
350 
351 
351 
352 
353 
354 
351 
352 
353 
353 
354 
355 
356 
357 
357 
358 
359 
360 
361 
361 
362 
363 
364 
365 
365 
366 
367 
368 
368 
369 
370 
371 
371 
372 
373 
374 
375 
375 
376 
377 
377 
379 
379 
380 
381 
381 
382 
383 
383 
384 
385 
385 
386 
387 
388 
388 
389 
389 
390 
391 
391 
392 
393 
393 
394 
394 
395 
396 
396 
397 
391 
392 
392 
393 
393 
394 
394 
395 
395 
396 
396 
397 
397 
398 
398 
399 
399 
400 
400 
400 
401 
401 
402 
403 
402 
404 
403 
405 
405 
405 
406 
406 
407 
407 
407 
408 
408 
409 
409 
409 
409 
410 
410 
410 
411 
411 
411 
411 
412 
412 
412 
413 
413 
413 
413 
413 
414 
414 
414 
414 
415 
415 
415 
415 
409 
409 
409 
409 
409 
409 
410 
410 
410 
410 
410 
410 
411 
411 
411 
411 
411 
411 
411 
411 
411 
411 
411 
411 
411 
411 
411 
411 
411 
411 
411 
411 
411 
411 
411 
411 
411 
411 
411 
411 
411 
411 
411 
411 
411 
411 
411 
411 
411 
411 
410 
410 
410 
410 
410 
410 
409 
409 
409 
409 
409 
409 
409 
409 
401 
401 
400 
400 
400 
400 
400 
399 
399 
399 
399 
399 
398 
398 
398 
397 
397 
397 
397 
396 
396 
396 
396 
395 
395 
395 
394 
394 
394 
393 
393 
393 
392 
392 
392 
391 
391 
390 
390 
390 
389 
389 
389 
388 
388 
387 
387 
387 
386 
386 
385 
385 
384 
384 
383 
383 
382 
382 
381 
381 
381 
380 
380 
379 
373 
372 
371 
371 
371 
370 
370 
369 
369 
368 
368 
367 
366 
366 
365 
365 
364 
364 
363 
363 
362 
361 
361 
360 
360 
359 
359 
358 
358 
357 
356 
356 
355 
354 
354 
353 
353 
352 
351 
351 
350 
350 
349 
348 
348 
347 
346 
346 
345 
344 
344 
343 
341 
340 
341 
339 
339 
338 
337 
336 
336 
335 
334 
333 
330 
329 
328 
327 
327 
326 
325 
325 
324 
323 
323 
322 
321 
321 
320 
319 
318 
317 
317 
316 
315 
315 
314 
313 
312 
312 
311 
310 
309 
309 
308 
307 
306 
306 
305 
304 
303 
303 
302 
301 
300 
300 
299 
298 
297 
296 
296 
295 
294 
293 
292 
291 
291 
290 
289 
289 
288 
286 
285 
284 
284 
283 
282 
281 
279 
279 
278 
277 
276 
275 
275 
274 
273 
272 
272 
271 
270 
269 
268 
268 
267 
266 
265 
265 
264 
263 
262 
261 
261 
260 
259 
258 
257 
257 
256 
254 
253 
252 
251 
250 
250 
249 
248 
247 
246 
246 
245 
244 
243 
243 
242 
241 
240 
239 
237 
236 
236 
235 
234 
233 
232 
232 
231 
230 
229 
229 
228 
227 
228 
227 
226 
225 
223 
223 
222 
221 
220 
220 
219 
218 
218 
217 
216 
215 
215 
214 
213 
213 
212 
212 
211 
210 
209 
208 
207 
207 
206 
205 
205 
204 
203 
203 
202 
201 
201 
200 
199 
199 
198 
197 
197 
196 
194 
193 
193 
192 
191 
191 
190 
189 
189 
188 
188 
187 
186 
186 
185 
185 
184 
183 
183 
182 
185 
184 
184 
182 
181 
181 
180 
180 
179 
179 
178 
178 
177 
177 
176 
175 
175 
174 
174 
173 
173 
172 
172 
171 
171 
170 
170 
170 
168 
168 
167 
167 
166 
166 
165 
165 
164 
164 
163 
163 
163 
162 
162 
161 
161 
161 
160 
160 
159 
159 
159 
158 
158 
157 
157 
157 
156 
156 
156 
155 
154 
154 
154 
154 
157 
157 
156 
157 
157 
157 
155 
155 
155 
155 
154 
154 
154 
153 
154 
154 
154 
153 
153 
153 
152 
152 
152 
151 
152 
151 
151 
151 
151 
150 
150 
150 
150 
150 
150 
149 
149 
148 
148 
149 
148 
148 
148 
148 
147 
147 
147 
147 
147 
147 
147 
147 
146 
147 
147 
146 
146 
146 
146 
146 
146 
146 
146 
146 
150 
150 
149 
150 
150 
150 
150 
150 
150 
151 
151 
151 
151 
151 
150 
150 
149 
150 
150 
150 
150 
150 
150 
150 
150 
150 
150 
150 
150 
150 
149 
150 
150 
150 
150 
150 
150 
150 
150 
150 
150 
150 
150 
150 
150 
150 
151 
151 
151 
151 
151 
151 
151 
151 
152 
152 
152 
152 
152 
151 
152 
152 
152 
152 
157 
157 
157 
157 
157 
157 
158 
158 
157 
157 
158 
158 
159 
158 
158 
159 
159 
159 
159 
159 
160 
160 
160 
160 
160 
161 
161 
161 
161 
162 
162 
162 
162 
163 
163 
163 
163 
164 
164 
164 
164 
165 
165 
165 
166 
166 
166 
166 
167 
167 
167 
168 
168 
168 
169 
169 
170 
170 
170 
170 
171 
171 
171 
172 
176 
176 
177 
177 
177 
178 
178 
178 
179 
179 
180 
180 
180 
181 
181 
181 
182 
182 
183 
183 
183 
184 
184 
185 
185 
185 
186 
186 
187 
187 
187 
188 
188 
189 
189 
190 
190 
191 
191 
191 
192 
192 
193 
193 
194 
194 
195 
195 
196 
196 
197 
197 
198 
198 
199 
199 
200 
200 
201 
200 
201 
202 
203 
203 
206 
206 
207 
207 
208 
208 
209 
209 
210 
209 
211 
211 
212 
212 
213 
213 
213 
213 
214 
214 
215 
215 
216 
216 
217 
218 
218 
219 
219 
220 
220 
221 
221 
222 
222 
223 
223 
224 
225 
225 
226 
226 
227 
227 
228 
228 
229 
230 
230 
231 
231 
232 
232 
233 
233 
234 
235 
235 
236 
236 
237 
237 
238 
239 
240 
240 
241 
241 
242 
243 
243 
244 
244 
245 
245 
246 
246 
247 
247 
248 
249 
249 
250 
250 
251 
251 
252 
252 
253 
254 
254 
255 
255 
256 
256 
257 
257 
258 
259 
259 
260 
260 
261 
261 
262 
262 
263 
264 
264 
265 
265 
266 
266 
267 
267 
268 
268 
269 
270 
270 
271 
271 
272 
272 
273 
273 
274 
274 
274 
275 
275 
276 
276 
277 
277 
278 
278 
279 
279 
280 
280 
281 
281 
282 
282 
283 
283 
284 
284 
285 
285 
286 
286 
288 
288 
288 
289 
290 
290 
290 
291 
292 
292 
293 
293 
294 
294 
295 
295 
296 
296 
297 
297 
297 
298 
298 
299 
299 
300 
300 
301 
301 
302 
302 
303 
303 
303 
304 
304 
305 
305 
306 
304 
304 
305 
305 
306 
306 
306 
307 
307 
308 
308 
308 
309 
309 
310 
310 
310 
311 
311 
312 
312 
312 
313 
313 
313 
314 
314 
315 
315 
315 
316 
316 
316 
317 
317 
317 
318 
318 
318 
319 
319 
319 
320 
320 
320 
321 
321 
321 
322 
322 
322 
323 
323 
323 
324 
324 
324 
324 
325 
325 
325 
326 
326 
326 
323 
324 
324 
324 
324 
325 
325 
325 
325 
326 
326 
326 
326 
327 
327 
327 
327 
327 
328 
328 
328 
328 
328 
329 
329 
329 
329 
329 
330 
330 
330 
330 
330 
331 
331 
331 
331 
331 
331 
332 
332 
332 
332 
332 
332 
332 
333 
333 
333 
333 
334 
333 
333 
333 
334 
334 
334 
334 
334 
334 
334 
334 
334 
335 
331 
331 
331 
331 
332 
332 
332 
332 
332 
332 
332 
332 
332 
332 
332 
332 
332 
332 
332 
332 
332 
332 
332 
332 
332 
332 
332 
332 
332 
332 
332 
332 
332 
332 
332 
332 
332 
332 
332 
332 
332 
332 
332 
332 
332 
332 
332 
332 
332 
332 
332 
332 
332 
332 
331 
331 
331 
331 
331 
331 
331 
331 
331 
331 
327 
327 
327 
327 
327 
327 
327 
327 
327 
327 
326 
326 
326 
326 
326 
326 
326 
325 
325 
325 
325 
325 
325 
325 
324 
324 
324 
324 
324 
324 
323 
323 
323 
323 
323 
322 
322 
322 
322 
322 
322 
321 
321 
321 
321 
321 
320 
320 
320 
320 
319 
319 
319 
319 
318 
318 
318 
318 
318 
317 
317 
317 
317 
316 
313 
313 
313 
313 
313 
312 
312 
312 
312 
311 
311 
311 
310 
310 
310 
310 
309 
309 
309 
308 
308 
308 
308 
307 
307 
307 
307 
306 
306 
306 
305 
305 
305 
304 
304 
304 
303 
303 
303 
303 
302 
302 
302 
301 
301 
301 
300 
300 
300 
299 
299 
298 
298 
298 
297 
297 
297 
296 
296 
296 
295 
295 
295 
294 
292 
292 
292 
291 
291 
291 
290 
289 
290 
288 
289 
289 
288 
288 
286 
287 
286 
286 
285 
285 
284 
284 
283 
283 
283 
282 
282 
282 
281 
281 
280 
280 
280 
279 
279 
279 
278 
278 
277 
277 
277 
276 
276 
275 
275 
275 
274 
274 
273 
273 
273 
272 
272 
272 
271 
271 
270 
270 
270 
269 
269 
268 
268 
268 
267 
266 
266 
265 
265 
265 
264 
264 
264 
263 
263 
262 
262 
262 
261 
261 
260 
260 
260 
259 
259 
258 
258 
258 
257 
257 
256 
256 
256 
255 
255 
255 
254 
254 
253 
253 
253 
252 
252 
251 
251 
251 
250 
250 
249 
249 
249 
248 
248 
247 
247 
247 
246 
246 
246 
245 
245 
244 
244 
244 
243 
243 
242 
242 
242 
242 
242 
241 
241 
240 
240 
240 
239 
239 
239 
238 
238 
238 
237 
237 
237 
236 
236 
235 
235 
235 
234 
234 
234 
233 
233 
233 
232 
232 
232 
231 
231 
231 
230 
230 
230 
229 
229 
229 
228 
228 
228 
227 
227 
227 
226 
226 
226 
225 
225 
225 
224 
224 
224 
223 
223 
223 
222 
222 
222 
221 
221 
221 
222 
222 
221 
221 
221 
220 
220 
220 
220 
219 
219 
219 
218 
218 
218 
218 
217 
217 
217 
217 
216 
216 
216 
216 
215 
215 
215 
214 
214 
214 
214 
213 
214 
213 
214 
212 
212 
213 
212 
213 
211 
211 
212 
211 
210 
210 
211 
211 
210 
210 
210 
210 
210 
209 
209 
209 
209 
209 
207 
207 
208 
208 
208 
207 
209 
209 
209 
209 
208 
208 
208 
208 
208 
207 
207 
207 
207 
207 
207 
207 
206 
206 
206 
206 
206 
206 
206 
205 
205 
205 
205 
205 
205 
205 
205 
204 
204 
204 
204 
204 
204 
204 
204 
203 
203 
203 
203 
203 
203 
203 
203 
203 
203 
202 
202 
202 
202 
202 
202 
202 
202 
202 
202 
202 
201 
201 
201 
201 
204 
204 
203 
204 
203 
203 
203 
203 
203 
203 
203 
203 
203 
203 
203 
203 
202 
203 
203 
203 
203 
203 
203 
203 
203 
203 
203 
203 
203 
203 
203 
203 
203 
203 
203 
203 
203 
203 
203 
203 
203 
203 
203 
203 
202 
203 
203 
203 
203 
203 
203 
203 
203 
203 
204 
204 
204 
204 
204 
203 
204 
204 
204 
204 
206 
206 
206 
206 
207 
207 
207 
207 
207 
206 
207 
207 
207 
207 
207 
207 
207 
208 
208 
207 
208 
208 
208 
207 
208 
209 
209 
209 
209 
209 
209 
209 
209 
210 
210 
210 
210 
209 
209 
210 
210 
211 
211 
211 
211 
211 
211 
211 
211 
212 
211 
212 
211 
211 
213 
213 
212 
213 
213 
213 
214 
213 
213 
213 
215 
215 
216 
216 
216 
216 
216 
216 
217 
217 
217 
217 
217 
218 
218 
218 
218 
218 
219 
219 
219 
219 
219 
220 
220 
220 
220 
220 
221 
221 
221 
221 
221 
222 
222 
222 
222 
223 
223 
223 
223 
223 
224 
224 
224 
224 
225 
225 
225 
225 
226 
226 
226 
226 
227 
227 
227 
227 
228 
228 
228 
228 
229 
229 
230 
230 
231 
231 
231 
231 
232 
232 
232 
232 
233 
233 
233 
233 
234 
234 
234 
234 
235 
235 
235 
235 
236 
236 
236 
237 
237 
237 
237 
238 
238 
238 
238 
239 
239 
239 
239 
240 
240 
240 
241 
241 
241 
241 
242 
242 
242 
243 
243 
243 
243 
244 
244 
244 
244 
245 
245 
245 
246 
246 
246 
246 
247 
247 
248 
248 
248 
248 
249 
249 
249 
250 
250 
250 
250 
251 
251 
251 
251 
252 
252 
252 
253 
253 
253 
253 
254 
254 
254 
255 
255 
255 
255 
256 
256 
256 
256 
257 
257 
257 
258 
258 
258 
258 
259 
259 
259 
260 
260 
260 
260 
261 
261 
261 
261 
262 
262 
262 
263 
263 
263 
263 
264 
264 
264 
264 
265 
265 
265 
265 
265 
266 
266 
266 
266 
267 
267 
267 
267 
268 
268 
268 
268 
269 
269 
269 
269 
270 
270 
270 
270 
271 
271 
271 
271 
272 
272 
272 
272 
273 
273 
273 
273 
274 
274 
274 
274 
275 
275 
275 
275 
276 
276 
276 
276 
276 
277 
277 
277 
277 
278 
278 
278 
278 
279 
279 
279 
279 
279 
280 
280 
280 
279 
279 
280 
280 
280 
280 
280 
281 
281 
281 
281 
281 
282 
282 
282 
282 
282 
283 
283 
283 
283 
283 
284 
284 
284 
284 
284 
285 
285 
285 
285 
285 
285 
286 
286 
286 
287 
286 
286 
287 
288 
288 
287 
288 
287 
288 
289 
289 
289 
288 
288 
290 
290 
290 
289 
290 
290 
290 
291 
290 
291 
291 
291 
291 
290 
290 
289 
290 
289 
291 
291 
291 
290 
290 
291 
291 
290 
292 
292 
292 
292 
292 
292 
292 
292 
292 
292 
293 
293 
293 
293 
293 
293 
293 
293 
293 
293 
294 
294 
294 
294 
294 
294 
294 
294 
294 
294 
294 
294 
294 
295 
295 
295 
295 
295 
295 
295 
295 
295 
295 
295 
295 
295 
295 
295 
295 
295 
296 
294 
294 
294 
294 
294 
294 
294 
294 
294 
294 
294 
294 
294 
294 
294 
294 
294 
294 
294 
294 
294 
294 
294 
294 
294 
294 
294 
294 
294 
294 
294 
294 
294 
294 
294 
294 
294 
294 
294 
294 
294 
294 
294 
294 
294 
294 
294 
294 
294 
294 
294 
294 
294 
294 
294 
294 
294 
294 
294 
294 
294 
294 
294 
294 
292 
292 
292 
292 
292 
292 
292 
292 
292 
292 
291 
291 
291 
291 
291 
291 
290 
291 
291 
291 
291 
291 
291 
290 
289 
290 
289 
290 
290 
290 
290 
290 
289 
290 
290 
289 
288 
288 
288 
289 
289 
289 
288 
288 
289 
288 
287 
288 
288 
288 
287 
287 
287 
288 
286 
286 
286 
286 
286 
286 
286 
286 
287 
285 
284 
284 
284 
284 
284 
283 
283 
283 
283 
283 
283 
283 
282 
282 
282 
282 
282 
282 
282 
281 
281 
281 
281 
281 
281 
281 
281 
280 
280 
280 
280 
280 
280 
279 
279 
279 
279 
279 
279 
279 
278 
278 
278 
278 
278 
278 
277 
277 
277 
277 
277 
276 
276 
276 
276 
276 
276 
275 
275 
275 
275 
275 
275 
274 
273 
273 
273 
273 
273 
273 
272 
272 
272 
272 
272 
272 
271 
271 
271 
271 
271 
270 
270 
270 
270 
270 
269 
269 
269 
269 
269 
269 
268 
268 
268 
268 
268 
267 
267 
267 
267 
267 
266 
266 
266 
266 
266 
265 
265 
265 
265 
265 
264 
264 
264 
264 
264 
264 
263 
263 
263 
263 
263 
262 
262 
262 
262 
262 
261 
261 
260 
260 
260 
260 
259 
259 
259 
259 
258 
258 
258 
258 
258 
257 
257 
257 
257 
257 
257 
256 
256 
256 
256 
256 
256 
256 
256 
255 
255 
255 
255 
255 
255 
255 
255 
255 
255 
255 
255 
254 
254 
254 
254 
254 
254 
254 
254 
254 
254 
254 
254 
254 
254 
254 
254 
254 
254 
254 
254 
254 
254 
254 
254 
254 
254 
254 
254 
254 
254 
254 
254 
254 
254 
254 
254 
254 
254 
254 
254 
254 
254 
254 
254 
254 
254 
254 
254 
254 
254 
254 
254 
254 
254 
254 
254 
254 
254 
254 
254 
254 
254 
254 
254 
254 
254 
254 
254 
254 
254 
254 
254 
254 
254 
254 
254 
254 
254 
254 
254 
254 
254 
254 
254 
254 
254 
254 
254 
254 
254 
254 
254 
254 
254 
254 
254 
254 
254 
254 
255 
255 
255 
255 
255 
255 
255 
255 
255 
255 
255 
255 
255 
255 
255 
255 
255 
255 
255 
255 
255 
255 
255 
255 
255 
255 
255 
255 
255 
255 
255 
255 
255 
255 
255 
255 
255 
255 
255 
255 
255 
255 
255 
255 
255 
255 
255 
255 
255 
255 
255 
255 
255 
255 
255 
255 
255 
255 
255 
255 
255 
255 
255 
255 
255 
255 
255 
255 
255 
255 
255 
255 
255 
255 
255 
255 
255 
255 
255 
255 
255 
255 
255 
255 
255 
255 
255 
255 
255 
255 
255 
255 
255 
255 
255 
255 
255 
255 
255 
255 
255 
255 
255 
255 
255 
255 
255 
255 
255 
255 
255 
255 
255 
255 
255 
255 
255 
255 
255 
255 
255 
255 
255 
255 
255 
255 
255 
255 
255 
255 
255 
255 
255 
255 
255 
255 
255 
255 
255 
255 
255 
255 
255 
255 
255 
255 
255 
255 
255 
255 
255 
255 
255 
255 
255 
255 
255 
255 
255 
255 
255 
255 
255 
255 
255 
255 
255 
255 
255 
255 
255 
255 
255 
255 
255 
255 
255 
255 
255 
255 
255 
255 
255 
255 
255 
255 
255 
255 
255 
255 
255 
255 
255 
255 
255 
255 
255 
255 
255 
255 
255 
255 
255 
255 
255 
255 
255 
255 
255 
255 
255 
255 
255 
255 
255 
255 
255 
255 
255 
255 
255 
255 
255 
255 
255 
255 
255 
255 
255 
255 
255 
255 
255 
255 
255 
255 
255 
255 
255 
255 
255 
255 
255 
255 
255 
255 
255 
255 
255 
255 
255 
255 
255 
255 
255 
255 
255 
255 
255 
255 
255 
255 
255 
255 
255 
255 
255 
255 
255 
255 
255 
255 
255 
255 
255 
255 
255 
255 
255 
255 
255 
255 
255 
255 
255 
255 
255 
255 
255 
255 
255 
255 
255 
255 
255 
255 
255 
255 
255 
255 
255 
255 
255 
255 
255 
255 
255 
255 
255 
255 
255 
255 
255 
255 
255 
255 
255 
255 
255 
255 
255 
255 
255 
255 
255 
255 
255 
255 
255 
255 
255 
255 
255 
255 
255 
255 
255 
255 
255 
255 
255 
255 
255 
255 
255 
255 
255 
255 
255 
255 
255 
255 
255 
255 
255 
255 
255 
255 
255 
255 
255 
255 
255 
255 
255 
255 
255 
255 
255 
255 
255 
255 
255 
255 
255 
255 
255 
255 
255 
255 
255 
255 
255 
255 
255 
255 
255 
255 
255 
255 
255 
255 
255 
255 
255 
255 
255 
255 
255 
255 
255 
255 
255 
255 
255 
255 
255 
255 
255 
255 
255 
255 
255 
255 
255 
255 
255 
255 
255 
255 
255 
255 
255 
255 
255 
255 
255 
255 
255 
255 
255 
255 
255 
255 
255 
255 
255 
255 
255 
255 
255 
255 
255 
255 
255 
255 
255 
255 
255 
255 
255 
255 
255 
255 
255 
255 
255 
255 
255 
255 
255 
255 
255 
255 
255 
255 
255 
255 
255 
255 
255 
255 
255 
255 
255 
255 
255 
255 
255 
255 
255 
255 
255 
255 
255 
255 
255 
255 
255 
255 
255 
255 
255 
255 
255 
255 
255 
255 
255 
255 
255 
255 
255 
255 
255 
255 
255 
255 
255 
255 
255 
255 
255 
255 
255 
255 
255 
255 
255 
255 
255 
255 
255 
255 
255 
255 
255 
255 
255 
255 
255 
255 
255 
255 
255 
255 
255 
255 
255 
255 
255 
255 
255 
255 
255 
255 
255 
255 
255 
255 
255 
255 
255 
255 
255 
255 
255 
255 
255 
255 
255 
255 
255 
255 
255 
255 
255 
255 
255 
255 
255 
255 
255 
255 
255 
255 
255 
255 
255 
255 
255 
255 
255 
255 
255 
255 
255 
255 
255 
255 
255 
255 
255 
255 
255 
255 
255 
255 
255 
255 
255 
255 
255 
255 
255 
255 
255 
255 
255 
255 
255 
255 
255 
255 
255 
255 
255 
255 
255 
255 
255 
255 
255 
255 
255 
255 
255 
255 
255 
255 
255 
255 
255 
255 
255 
255 
255 
255 
255 
255 
255 
255 
255 
255 
255 
255 
255 
255 
255 
255 
255 
255 
255 
255 
255 
255 
255 
255 
255 
255 
255 
255 
255 
255 
255 
255 
255 
255 
255 
255 
255 
255 
255 
255 
255 
255 
255 
255 
255 
255 
255 
255 
255 
255 
255 
255 
255 
255 
255 
255 
255 
255 
255 
255 
255 
255 
255 
255 
255 
255 
255 
255 
255 
255 
255 
255 
255 
255 
255 
255 
255 
255 
255 
255 
255 
255 
255 
255 
255 
255 
255 
255 
255 
255 
255 
255 
255 
255 
255 
255 
255 
255 
255 
255 
255 
255 
255 
255 
255 
255 
255 
255 
255 
255 
255 
255 
255 
255 
255 
255 
255 
255 
255 
255 
255 
255 
255 
255 
255 
255 
255 
255 
255 
255 
255 
255 
255 
255 
255 
255 
255 
255 
255 
255 
255 
255 
255 
255 
255 
255 
255 
255 
255 
255 
255 
255 
255 
255 
255 
255 
255 
255 
255 
255 
255 
255 
255 
255 
255 
255 
255 
255 
255 
255 
255 
255 
255 
255 
255 
255 
255 
255 
255 
255 
255 
255 
255 
255 
255 
255 
255 
255 
255 
255 
255 
255 
255 
255 
255 
255 
255 
255 
255 
255 
255 
255 
255 
255 
255 
255 
255 
255 
255 
255 
255 
255 
255 
255 
255 
255 
255 
255 
255 
255 
255 
255 
255 
255 
255 
255 
255 
255 
255 
255 
255 
255 
255 
255 
255 
255 
255 
255 
255 
255 
255 
255 
255 
255 
255 
255 
255 
255 
255 
255 
255 
255 
255 
255 
255 
255 
255 
255 
255 
255 
255 
255 
255 
255 
255 
255 
255 
255 
255 
255 
255 
255 
255 
255 
255 
255 
255 
255 
255 
255 
255 
255 
255 
255 
255 
255 
255 
255 
255 
255 
255 
255 
255 
255 
255 
255 
255 
255 
255 
255 
255 
255 
255 
255 
255 
255 
255 
255 
255 
255 
255 
255 
255 
255 
255 
255 
255 
255 
255 
255 
255 
255 
255 
255 
255 
255 
255 
255 
255 
255 
255 
255 
255 
255 
255 
255 
255 
255 
255 
255 
255 
255 
255 
255 
255 
255 
255 
255 
255 
255 
255 
255 
255 
255 
255 
255 
255 
255 
255 
255 
255 
255 
255 
255 
255 
255 
255 
255 
255 
255 
255 
255 
255 
255 
255 
255 
255 
255 
255 
255 
255 
255 
255 
255 
255 
255 
255 
255 
255 
255 
255 
255 
255 
255 
255 
255 
255 
255 
255 
255 
255 
255 
255 
255 
255 
255 
255 
255 
255 
255 
255 
255 
255 
255 
255 
255 
255 
255 
255 
255 
255 
255 
255 
255 
255 
255 
255 
255 
255 
255 
255 
255 
255 
255 
255 
255 
255 
255 
255 
255 
255 
255 
255 
255 
255 
255 
255 
255 
255 
255 
255 
255 
255 
255 
255 
255 
255 
255 
255 
255 
255 
255 
255 
255 
255 
255 
255 
255 
255 
255 
255 
255 
255 
255 
255 
255 
255 
255 
255 
255 
255 
255 
255 
255 
255 
255 
255 
255 
255 
255 
255 
255 
255 
255 
255 
255 
255 
255 
255 
255 
255 
255 
255 
255 
255 
255 
255 
255 
255 
255 
255 
255 
255 
255 
255 
255 
255 
255 
255 
255 
255 
255 
255 
255 
255 
255 
255 
255 
255 
255 
255 
255 
255 
255 
255 
255 
255 
255 
255 
255 
255 
255 
255 
255 
255 
255 
255 
255 
255 
255 
255 
255 
255 
255 
255 
255 
255 
255 
255 
255 
255 
255 
255 
255 
255 
255 
255 
255 
255 
255 
255 
255 
255 
255 
255 
255 
255 
255 
255 
255 
255 
255 
255 
255 
255 
255 
255 
255 
255 
255 
255 
255 
255 
255 
255 
255 
255 
255 
255 
255 
255 
255 
255 
255 
255 
255 
255 
255 
255 
255 
255 
255 
255 
255 
255 
255 
255 
255 
255 
255 
255 
255 
255 
255 
255 
255 
255 
255 
255 
255 
255 
255 
255 
255 
255 
255 
255 
255 
255 
255 
255 
255 
255 
255 
255 
255 
255 
255 
255 
255 
255 
255 
255 
255 
255 
255 
255 
255 
255 
255 
255 
255 
255 
255 
255 
255 
255 
255 
255 
255 
255 
255 
255 
255 
255 
255 
255 
255 
255 
255 
255 
255 
255 
255 
255 
255 
255 
255 
255 
255 
255 
255 
255 
255 
255 
255 
255 
255 
255 
255 
255 
255 
255 
255 
255 
255 
255 
255 
255 
255 
255 
255 
255 
255 
255 
255 
255 
255 
255 
255 
255 
255 
255 
255 
255 
255 
255 
255 
255 
255 
255 
255 
255 
255 
255 
255 
255 
255 
255 
255 
255 
255 
255 
255 
255 
255 
255 
255 
255 
255 
255 
255 
255 
255 
255 
255 
255 
255 
255 
255 
255 
255 
255 
255 
255 
255 
255 
255 
255 
255 
255 
255 
255 
255 
255 
255 
255 
255 
255 
255 
255 
255 
255 
255 
255 
255 
255 
255 
255 
255 
255 
255 
255 
255 
255 
255 
255 
255 
255 
255 
255 
255 
255 
255 
255 
255 
255 
255 
255 
255 
255 
255 
255 
255 
255 
255 
255 
255 
255 
255 
255 
255 
255 
255 
255 
255 
255 
255 
255 
255 
255 
255 
255 
255 
255 
255 
255 
255 
255 
255 
255 
255 
255 
255 
255 
255 
255 
255 
255 
255 
255 
255 
255 
255 
255 
255 
255 
255 
255 
255 
255 
255 
255 
255 
255 
255 
255 
255 
255 
255 
255 
255 
255 
255 
255 
255 
255 
255 
255 
255 
255 
255 
255 
255 
255 
255 
255 
255 
255 
255 
255 
255 
255 
255 
255 
255 
255 
255 
255 
255 
255 
255 
255 
255 
255 
255 
255 
255 
255 
255 
255 
255 
255 
255 
255 
255 
255 
255 
255 
255 
255 
255 
255 
255 
255 
255 
255 
255 
255 
255 
255 
255 
255 
255 
255 
255 
255 
255 
255 
255 
255 
255 
255 
255 
255 
255 
255 
255 
255 
255 
255 
255 
255 
255 
255 
255 
255 
255 
255 
255 
255 
255 
255 
255 
255 
255 
255 
255 
255 
255 
255 
255 
255 
255 
255 
255 
255 
255 
255 
255 
255 
255 
255 
255 
255 
255 
255 
255 
255 
255 
255 
255 
255 
255 
255 
255 
255 
255 
255 
255 
255 
255 
255 
255 
255 
255 
255 
255 
255 
255 
255 
255 
255 
255 
255 
255 
255 
255 
255 
255 
255 
255 
255 
255 
255 
255 
255 
255 
255 
255 
255 
255 
255 
255 
255 
255 
255 
255 
255 
255 
255 
255 
255 
255 
255 
255 
255 
255 
255 
255 
255 
255 
255 
255 
255 
255 
255 
255 
255 
255 
255 
255 
255 
255 
255 
255 
255 
255 
255 
255 
255 
255 
255 
255 
255 
255 
255 
255 
255 
255 
255 
255 
255 
255 
255 
255 
255 
255 
255 
255 
255 
255 
255 
255 
255 
255 
255 
255 
255 
255 
255 
255 
255 
255 
255 
255 
255 
255 
255 
255 
255 
255 
255 
255 
255 
255 
255 
255 
255 
255 
255 
255 
255 
255 
255 
255 
255 
255 
255 
255 
255 
255 
255 
255 
255 
255 
255 
255 
255 
255 
255 
255 
255 
255 
255 
255 
255 
255 
255 
255 
255 
255 
255 
255 
255 
255 
255 
255 
255 
255 
255 
255 
255 
255 
255 
255 
255 
255 
255 
255 
255 
255 
255 
255 
255 
255 
255 
255 
255 
255 
255 
255 
255 
255 
255 
255 
255 
255 
255 
255 
255 
255 
255 
255 
255 
255 
255 
255 
255 
255 
255 
255 
255 
255 
255 
255 
255 
255 
255 
255 
255 
255 
255 
255 
255 
255 
255 
255 
255 
255 
255 
255 
255 
255 
255 
255 
255 
255 
255 
255 
255 
255 
255 
255 
255 
255 
255 
255 
255 
255 
255 
255 
255 
255 
255 
255 
255 
255 
255 
255 
255 
255 
255 
255 
255 
255 
255 
255 
255 
255 
255 
255 
255 
255 
255 
255 
255 
255 
255 
255 
255 
255 
255 
255 
255 
255 
255 
255 
255 
255 
255 
255 
255 
255 
255 
255 
255 
255 
255 
255 
255 
255 
255 
255 
255 
255 
255 
255 
255 
255 
255 
255 
255 
255 
255 
255 
255 
255 
255 
255 
255 
255 
255 
255 
255 
255 
255 
255 
255 
255 
255 
255 
255 
255 
255 
255 
255 
255 
255 
255 
255 
255 
255 
255 
255 
255 
255 
255 
255 
255 
255 
255 
255 
255 
255 
255 
255 
255 
255 
255 
255 
255 
255 
255 
255 
255 
255 
255 
255 
255 
255 
255 
255 
255 
255 
255 
255 
255 
255 
255 
255 
255 
255 
255 
255 
255 
255 
255 
255 
255 
255 
255 
255 
255 
255 
255 
255 
255 
255 
255 
255 
255 
255 
255 
255 
255 
255 
255 
255 
255 
255 
255 
255 
255 
255 
255 
255 
255 
255 
255 
255 
255 
255 
255 
255 
255 
255 
255 
255 
255 
255 
255 
255 
255 
255 
255 
255 
255 
255 
255 
255 
255 
255 
255 
255 
255 
255 
255 
255 
255 
255 
255 
255 
255 
255 
255 
255 
255 
255 
255 
255 
255 
255 
255 
255 
255 
255 
255 
255 
255 
255 
255 
255 
255 
255 
255 
255 
255 
255 
255 
255 
255 
255 
255 
255 
255 
255 
255 
255 
255 
255 
255 
255 
255 
255 
255 
255 
255 
255 
255 
255 
255 
255 
255 
255 
255 
255 
255 
255 
255 
255 
255 
255 
255 
255 
255 
255 
255 
255 
255 
255 
255 
255 
255 
255 
255 
255 
255 
255 
255 
255 
255 
255 
255 
255 
255 
255 
255 
255 
255 
255 
255 
255 
255 
255 
255 
255 
255 
255 
255 
255 
255 
255 
255 
255 
255 
255 
255 
255 
255 
255 
255 
255 
255 
255 
255 
255 
255 
255 
255 
255 
255 
255 
255 
255 
255 
255 
255 
255 
255 
255 
255 
255 
255 
255 
255 
255 
255 
255 
255 
255 
255 
255 
255 
255 
255 
255 
255 
255 
255 
255 
255 
255 
255 
255 
255 
255 
255 
255 
255 
255 
255 
255 
255 
255 
255 
255 
255 
255 
255 
255 
255 
255 
255 
255 
255 
255 
255 
255 
255 
255 
255 
255 
255 
255 
255 
255 
255 
255 
255 
255 
255 
255 
255 
255 
255 
255 
255 
255 
255 
255 
255 
255 
255 
255 
255 
255 
255 
255 
255 
255 
255 
255 
255 
255 
255 
255 
255 
255 
255 
255 
255 
255 
255 
255 
255 
255 
255 
255 
255 
255 
255 
255 
255 
255 
255 
255 
255 
255 
255 
255 
255 
255 
255 
255 
255 
255 
255 
255 
255 
255 
255 
255 
255 
255 
255 
255 
255 
255 
255 
255 
255 
255 
255 
255 
255 
255 
255 
255 
255 
255 
255 
255 
255 
255 
255 
255 
255 
255 
255 
255 
255 
255 
255 
255 
255 
255 
255 
255 
255 
255 
255 
255 
255 
255 
255 
255 
255 
255 
255 
255 
255 
255 
255 
255 
255 
255 
255 
255 
255 
255 
255 
255 
255 
255 
255 
255 
255 
255 
255 
255 
255 
255 
255 
255 
255 
255 
255 
255 
255 
255 
255 
255 
255 
255 
255 
255 
255 
255 
255 
255 
255 
255 
255 
255 
255 
255 
255 
255 
255 
255 
255 
255 
255 
255 
255 
255 
255 
255 
255 
255 
255 
255 
255 
255 
255 
255 
255 
255 
255 
255 
255 
255 
255 
255 
255 
255 
255 
255 
255 
255 
255 
255 
255 
255 
255 
255 
255 
255 
255 
255 
255 
255 
255 
255 
255 
255 
255 
255 
255 
255 
255 
255 
255 
255 
255 
255 
255 
255 
255 
255 
255 
255 
255 
255 
255 
255 
255 
255 
255 
255 
255 
255 
255 
255 
255 
255 
255 
255 
255 
255 
255 
255 
255 
255 
255 
255 
255 
255 
255 
255 
255 
255 
255 
255 
255 
255 
255 
255 
255 
255 
255 
255 
255 
255 
255 
255 
255 
255 
255 
255 
255 
255 
255 
255 
255 
255 
255 
255 
255 
255 
255 
255 
255 
255 
255 
255 
255 
255 
255 
255 
255 
255 
255 
255 
255 
255 
255 
255 
255 
255 
255 
255 
255 
255 
255 
255 
255 
255 
255 
255 
255 
255 
255 
255 
255 
255 
255 
255 
255 
255 
255 
255 
255 
255 
255 
255 
255 
255 
255 
255 
255 
255 
255 
255 
255 
255 
255 
255 
255 
255 
255 
255 
255 
255 
255 
255 
255 
255 
255 
255 
255 
255 
255 
255 
255 
255 
255 
255 
255 
255 
255 
255 
255 
255 
255 
255 
255 
255 
255 
255 
255 
255 
255 
255 
255 
255 
255 
255 
255 
255 
255 
255 
255 
255 
255 
255 
255 
255 
255 
255 
255 
255 
255 
255 
255 
255 
255 
255 
255 
255 
255 
255 
255 
255 
255 
255 
255 
255 
255 
255 
255 
255 
255 
255 
255 
255 
255 
255 
255 
255 
255 
255 
255 
255 
255 
255 
255 
255 
255 
255 
255 
255 
255 
255 
255 
255 
255 
255 
255 
255 
255 
255 
255 
255 
255 
255 
255 
255 
255 
255 
255 
255 
255 
255 
255 
255 
255 
255 
255 
255 
