248 
242 
236 
227 
217 
206 
191 
173 
149 
123 
92 
62 
32 
14 
18 
64 
168 
266 
298 
313 
335 
328 
266 
231 
204 
168 
138 
112 
88 
70 
55 
42 
33 
26 
30 
26 
24 
23 
22 
21 
21 
21 
21 
21 
22 
22 
21 
21 
21 
21 
22 
22 
22 
24 
24 
26 
26 
27 
28 
29 
31 
33 
34 
36 
37 
38 
41 
43 
46 
48 
50 
52 
55 
59 
59 
62 
65 
66 
70 
73 
75 
79 
83 
85 
89 
93 
95 
99 
102 
106 
109 
111 
116 
117 
122 
125 
130 
135 
140 
145 
148 
153 
157 
160 
165 
168 
170 
175 
178 
184 
186 
192 
195 
197 
203 
206 
211 
214 
219 
222 
228 
230 
236 
239 
245 
248 
250 
256 
259 
265 
270 
275 
281 
286 
293 
298 
304 
309 
314 
320 
325 
330 
335 
340 
347 
352 
357 
361 
366 
371 
377 
381 
386 
390 
395 
399 
405 
409 
413 
417 
421 
425 
421 
424 
428 
432 
435 
438 
441 
444 
448 
450 
453 
455 
458 
460 
462 
464 
467 
469 
470 
471 
473 
474 
475 
475 
478 
478 
479 
479 
479 
479 
479 
479 
479 
479 
478 
476 
475 
474 
474 
473 
471 
470 
468 
465 
464 
462 
459 
457 
454 
452 
450 
446 
443 
440 
437 
434 
431 
428 
423 
420 
416 
413 
409 
405 
394 
390 
387 
382 
378 
373 
369 
365 
361 
356 
352 
347 
343 
337 
332 
328 
323 
318 
313 
308 
303 
298 
294 
289 
283 
278 
273 
267 
262 
257 
252 
245 
240 
232 
227 
220 
215 
211 
203 
199 
191 
187 
182 
175 
170 
166 
159 
155 
149 
145 
141 
135 
131 
127 
121 
117 
114 
111 
107 
102 
99 
96 
94 
89 
95 
92 
88 
87 
84 
81 
79 
77 
75 
74 
73 
71 
70 
69 
68 
67 
66 
65 
65 
64 
64 
64 
65 
64 
64 
64 
64 
65 
65 
66 
67 
67 
68 
70 
71 
72 
74 
74 
76 
78 
79 
81 
83 
85 
87 
89 
92 
93 
95 
98 
101 
104 
107 
108 
111 
115 
118 
119 
122 
126 
129 
133 
135 
139 
147 
149 
153 
156 
160 
164 
166 
170 
174 
178 
181 
185 
189 
194 
196 
200 
205 
209 
211 
215 
219 
224 
226 
231 
235 
240 
242 
247 
251 
256 
258 
263 
267 
272 
276 
280 
285 
290 
294 
299 
303 
307 
312 
316 
320 
324 
328 
332 
336 
341 
345 
349 
353 
357 
360 
364 
367 
371 
374 
378 
382 
385 
388 
391 
388 
391 
394 
397 
399 
403 
405 
407 
409 
411 
413 
415 
417 
419 
420 
422 
424 
426 
426 
428 
429 
430 
431 
431 
432 
433 
433 
433 
433 
433 
433 
433 
433 
433 
433 
432 
431 
430 
430 
429 
427 
426 
425 
423 
422 
420 
418 
416 
415 
413 
411 
409 
407 
404 
401 
399 
396 
393 
390 
388 
385 
382 
379 
376 
367 
364 
361 
357 
354 
351 
347 
344 
340 
336 
332 
329 
325 
321 
317 
314 
310 
306 
302 
298 
294 
290 
285 
281 
277 
273 
269 
265 
261 
257 
253 
247 
243 
239 
235 
229 
225 
221 
217 
213 
208 
204 
200 
197 
193 
187 
183 
180 
176 
173 
167 
164 
161 
157 
155 
152 
147 
144 
141 
138 
136 
133 
129 
127 
130 
128 
125 
123 
121 
119 
117 
116 
114 
113 
111 
109 
108 
107 
106 
105 
104 
103 
102 
102 
101 
101 
100 
100 
100 
100 
100 
100 
100 
101 
101 
102 
102 
103 
104 
105 
106 
107 
108 
109 
110 
111 
113 
115 
116 
117 
119 
121 
123 
125 
127 
129 
131 
133 
135 
138 
140 
143 
146 
147 
150 
153 
155 
158 
165 
168 
171 
173 
176 
179 
182 
185 
189 
190 
194 
197 
201 
204 
208 
209 
212 
215 
219 
223 
225 
228 
232 
236 
239 
241 
245 
249 
252 
256 
258 
262 
265 
268 
272 
276 
279 
283 
286 
291 
294 
297 
301 
304 
308 
311 
314 
317 
321 
324 
327 
330 
333 
336 
339 
343 
346 
349 
352 
354 
357 
359 
362 
364 
362 
364 
366 
369 
371 
373 
376 
377 
379 
381 
382 
384 
385 
387 
388 
389 
390 
392 
392 
393 
394 
395 
396 
396 
397 
397 
397 
397 
398 
398 
398 
398 
397 
397 
397 
396 
396 
395 
395 
394 
393 
392 
391 
390 
389 
388 
386 
385 
383 
382 
380 
378 
377 
374 
372 
370 
368 
366 
364 
361 
359 
357 
354 
352 
346 
343 
341 
337 
334 
332 
329 
326 
323 
321 
317 
315 
312 
309 
306 
303 
300 
296 
293 
290 
286 
283 
280 
276 
273 
270 
267 
263 
260 
257 
253 
249 
245 
242 
239 
234 
231 
227 
224 
221 
216 
214 
211 
208 
205 
201 
198 
195 
192 
189 
185 
182 
179 
177 
174 
172 
168 
165 
163 
161 
159 
156 
153 
152 
154 
153 
151 
149 
148 
145 
144 
143 
141 
140 
139 
138 
137 
136 
135 
134 
133 
132 
132 
131 
131 
131 
130 
130 
130 
130 
130 
130 
130 
131 
131 
131 
132 
132 
133 
134 
135 
136 
137 
138 
138 
139 
140 
142 
143 
143 
146 
147 
149 
151 
152 
153 
154 
156 
158 
160 
162 
164 
166 
169 
170 
172 
175 
177 
183 
185 
188 
189 
191 
194 
197 
199 
202 
203 
205 
209 
211 
214 
216 
218 
220 
223 
226 
229 
231 
233 
236 
239 
242 
244 
247 
250 
253 
256 
257 
260 
263 
266 
269 
272 
274 
277 
280 
283 
287 
289 
292 
295 
298 
300 
303 
306 
308 
311 
313 
316 
318 
321 
323 
325 
328 
330 
332 
334 
336 
340 
342 
344 
342 
344 
345 
347 
349 
350 
352 
353 
355 
356 
357 
358 
359 
361 
362 
363 
364 
365 
365 
366 
367 
367 
368 
368 
369 
369 
369 
369 
370 
370 
370 
370 
369 
369 
369 
368 
368 
368 
367 
367 
366 
365 
364 
363 
363 
361 
360 
359 
358 
357 
356 
354 
353 
351 
350 
348 
347 
345 
343 
341 
338 
336 
335 
333 
327 
325 
323 
321 
319 
317 
315 
313 
310 
308 
306 
303 
301 
298 
296 
294 
291 
288 
285 
283 
280 
277 
275 
272 
270 
267 
264 
262 
259 
256 
254 
250 
247 
245 
242 
238 
236 
233 
230 
228 
224 
222 
219 
217 
214 
211 
209 
207 
204 
202 
199 
197 
194 
192 
190 
188 
185 
183 
181 
179 
178 
176 
173 
172 
170 
169 
167 
166 
164 
162 
161 
160 
159 
158 
157 
156 
156 
154 
153 
153 
152 
151 
152 
151 
151 
151 
150 
150 
150 
150 
150 
150 
150 
151 
151 
150 
156 
157 
156 
158 
158 
158 
159 
160 
160 
161 
162 
163 
164 
165 
166 
168 
169 
170 
172 
173 
174 
176 
177 
179 
181 
182 
184 
186 
187 
189 
191 
192 
195 
197 
199 
200 
202 
204 
206 
208 
210 
211 
213 
215 
218 
220 
222 
224 
226 
228 
231 
233 
235 
237 
239 
242 
244 
246 
248 
251 
253 
256 
257 
260 
262 
265 
267 
270 
272 
275 
277 
280 
282 
284 
288 
290 
293 
295 
297 
300 
302 
304 
306 
309 
311 
313 
315 
317 
319 
321 
323 
325 
327 
329 
330 
332 
334 
335 
337 
340 
340 
343 
344 
345 
347 
348 
349 
350 
351 
352 
353 
354 
355 
356 
356 
357 
358 
358 
359 
359 
359 
360 
360 
360 
360 
360 
360 
360 
356 
356 
355 
355 
355 
354 
354 
353 
353 
352 
351 
351 
350 
349 
348 
347 
346 
345 
344 
342 
341 
339 
338 
336 
335 
333 
332 
330 
328 
327 
325 
323 
322 
320 
318 
316 
314 
312 
310 
308 
306 
304 
302 
299 
297 
295 
293 
291 
287 
285 
283 
280 
278 
276 
273 
271 
268 
266 
264 
261 
259 
256 
254 
250 
248 
246 
244 
240 
238 
236 
233 
231 
228 
226 
223 
221 
219 
216 
214 
213 
211 
209 
206 
204 
202 
200 
198 
197 
194 
192 
190 
189 
187 
186 
183 
182 
181 
179 
178 
177 
175 
174 
173 
172 
171 
170 
169 
168 
167 
166 
166 
165 
165 
164 
163 
163 
163 
163 
162 
162 
162 
162 
162 
162 
162 
163 
163 
163 
168 
168 
168 
169 
170 
170 
171 
172 
172 
173 
174 
175 
175 
177 
177 
179 
180 
181 
182 
183 
184 
186 
187 
188 
190 
191 
193 
194 
195 
197 
199 
200 
202 
204 
206 
207 
208 
210 
212 
214 
215 
216 
218 
220 
222 
224 
226 
227 
230 
232 
234 
236 
237 
239 
241 
244 
246 
247 
249 
251 
254 
256 
257 
259 
261 
264 
266 
268 
270 
272 
274 
277 
279 
281 
283 
286 
288 
290 
292 
294 
296 
298 
300 
302 
304 
306 
308 
310 
311 
313 
315 
316 
318 
320 
321 
323 
324 
326 
327 
329 
330 
331 
332 
333 
335 
336 
337 
339 
340 
341 
341 
342 
343 
344 
344 
345 
345 
346 
346 
347 
347 
347 
348 
348 
348 
348 
348 
348 
344 
344 
344 
343 
343 
342 
342 
342 
340 
340 
339 
339 
338 
337 
336 
335 
334 
334 
332 
331 
330 
329 
328 
327 
325 
324 
322 
321 
320 
318 
317 
315 
314 
312 
310 
309 
307 
305 
303 
302 
300 
298 
296 
294 
292 
289 
288 
286 
283 
281 
279 
277 
275 
273 
271 
269 
267 
265 
263 
261 
258 
256 
254 
251 
249 
247 
245 
241 
239 
237 
235 
233 
230 
228 
226 
224 
222 
219 
217 
215 
214 
212 
210 
208 
205 
205 
203 
201 
199 
197 
196 
194 
193 
192 
189 
188 
187 
186 
184 
183 
182 
181 
180 
179 
178 
177 
176 
175 
175 
174 
173 
173 
172 
172 
171 
171 
171 
170 
170 
170 
170 
170 
170 
170 
170 
170 
171 
171 
175 
175 
176 
176 
177 
177 
178 
179 
179 
180 
181 
181 
182 
183 
184 
185 
186 
187 
188 
189 
190 
191 
193 
194 
195 
197 
198 
200 
200 
202 
203 
205 
207 
208 
210 
211 
212 
213 
215 
217 
218 
219 
221 
223 
225 
227 
229 
230 
232 
234 
236 
238 
239 
241 
243 
245 
247 
248 
250 
252 
254 
256 
257 
259 
261 
263 
265 
267 
269 
271 
273 
275 
277 
279 
281 
283 
285 
286 
289 
291 
293 
295 
297 
298 
300 
302 
304 
305 
307 
308 
310 
312 
313 
315 
316 
317 
319 
320 
321 
323 
324 
325 
326 
327 
328 
329 
330 
331 
332 
333 
333 
334 
335 
336 
336 
337 
337 
338 
338 
338 
339 
340 
339 
339 
339 
339 
339 
340 
336 
336 
335 
335 
335 
334 
334 
334 
333 
333 
332 
331 
331 
330 
329 
328 
328 
327 
326 
325 
324 
323 
322 
321 
319 
318 
317 
316 
314 
313 
312 
310 
309 
307 
306 
304 
303 
301 
300 
298 
296 
295 
293 
290 
288 
286 
285 
283 
281 
279 
277 
275 
274 
272 
270 
268 
266 
264 
262 
260 
258 
256 
254 
251 
250 
248 
246 
243 
241 
240 
238 
236 
233 
231 
230 
228 
226 
224 
222 
220 
219 
217 
215 
214 
212 
210 
210 
208 
206 
205 
203 
202 
201 
200 
198 
197 
195 
194 
193 
192 
191 
190 
189 
188 
187 
187 
186 
185 
185 
184 
184 
183 
183 
182 
182 
181 
181 
181 
181 
181 
181 
181 
181 
181 
181 
181 
181 
181 
185 
185 
186 
186 
186 
187 
188 
188 
188 
189 
190 
191 
191 
192 
193 
194 
195 
196 
197 
198 
198 
199 
200 
202 
203 
204 
205 
205 
207 
208 
210 
211 
213 
214 
215 
215 
217 
218 
220 
221 
223 
224 
225 
227 
229 
230 
232 
233 
235 
236 
238 
240 
241 
242 
244 
246 
248 
249 
250 
252 
254 
256 
257 
258 
260 
262 
264 
266 
267 
269 
271 
273 
274 
276 
278 
279 
281 
283 
284 
286 
288 
290 
292 
293 
295 
296 
298 
299 
301 
302 
304 
305 
306 
307 
309 
310 
311 
312 
313 
315 
316 
317 
318 
318 
319 
320 
321 
322 
323 
323 
324 
325 
325 
326 
326 
327 
327 
328 
328 
328 
329 
329 
329 
329 
329 
329 
329 
329 
326 
326 
326 
325 
325 
325 
325 
324 
324 
323 
323 
322 
322 
321 
320 
320 
319 
318 
317 
316 
316 
315 
314 
313 
312 
311 
310 
308 
307 
306 
305 
304 
303 
301 
300 
298 
297 
296 
294 
293 
291 
289 
288 
286 
284 
283 
281 
280 
278 
276 
275 
273 
271 
270 
268 
266 
265 
263 
261 
260 
258 
256 
254 
252 
250 
248 
247 
244 
243 
241 
239 
238 
235 
233 
232 
230 
229 
226 
225 
223 
222 
220 
218 
217 
215 
214 
213 
212 
210 
209 
208 
206 
205 
204 
203 
201 
200 
200 
197 
198 
197 
195 
195 
194 
193 
192 
192 
191 
191 
190 
190 
189 
189 
188 
188 
188 
187 
187 
187 
187 
187 
187 
187 
187 
187 
187 
187 
188 
191 
191 
191 
192 
192 
193 
193 
194 
194 
195 
195 
196 
197 
197 
198 
199 
200 
201 
202 
203 
203 
204 
205 
206 
207 
208 
209 
210 
211 
211 
214 
214 
215 
217 
218 
219 
220 
221 
223 
224 
226 
226 
228 
229 
231 
232 
234 
235 
236 
238 
239 
241 
242 
243 
245 
247 
248 
249 
251 
252 
254 
256 
257 
258 
260 
261 
263 
265 
266 
268 
270 
271 
273 
274 
276 
277 
279 
280 
282 
283 
285 
286 
288 
290 
291 
293 
294 
296 
297 
298 
300 
301 
302 
303 
304 
305 
307 
308 
309 
310 
311 
312 
313 
313 
314 
315 
316 
316 
317 
318 
318 
319 
320 
320 
321 
321 
321 
322 
322 
322 
323 
323 
323 
323 
323 
323 
323 
323 
320 
320 
320 
320 
319 
319 
319 
319 
318 
318 
317 
317 
316 
316 
315 
314 
314 
313 
312 
312 
311 
310 
309 
308 
307 
306 
305 
304 
303 
302 
301 
300 
299 
297 
296 
295 
294 
292 
291 
289 
288 
286 
285 
283 
282 
280 
279 
278 
276 
275 
273 
272 
270 
269 
267 
265 
264 
262 
261 
259 
258 
256 
255 
252 
251 
249 
248 
246 
244 
243 
241 
240 
238 
236 
235 
233 
232 
230 
229 
227 
226 
225 
223 
221 
220 
219 
218 
217 
215 
214 
214 
213 
212 
211 
209 
208 
207 
206 
205 
204 
204 
203 
202 
201 
201 
200 
200 
199 
199 
198 
198 
197 
197 
197 
196 
196 
196 
196 
196 
195 
195 
195 
195 
196 
196 
196 
196 
196 
199 
199 
199 
200 
200 
201 
201 
201 
202 
202 
203 
203 
204 
204 
205 
206 
207 
208 
208 
209 
210 
210 
211 
212 
213 
214 
214 
215 
216 
217 
218 
219 
220 
221 
223 
223 
224 
226 
227 
228 
229 
230 
231 
233 
234 
235 
237 
237 
239 
240 
241 
243 
244 
245 
246 
248 
249 
250 
251 
253 
254 
256 
256 
258 
259 
261 
262 
264 
265 
266 
268 
269 
271 
272 
273 
275 
276 
277 
279 
280 
281 
283 
284 
285 
287 
288 
290 
291 
292 
293 
294 
295 
296 
298 
299 
300 
300 
301 
302 
303 
304 
305 
306 
306 
307 
308 
309 
309 
310 
310 
311 
312 
312 
312 
313 
313 
313 
314 
314 
314 
315 
315 
315 
315 
315 
315 
315 
315 
312 
312 
312 
312 
312 
312 
311 
311 
311 
310 
310 
309 
309 
308 
308 
307 
307 
306 
306 
305 
304 
303 
303 
302 
301 
300 
299 
298 
297 
296 
296 
295 
294 
292 
291 
290 
289 
288 
286 
285 
284 
282 
281 
280 
279 
277 
276 
275 
274 
272 
271 
270 
268 
267 
266 
264 
263 
262 
260 
259 
257 
256 
255 
253 
251 
250 
248 
246 
245 
244 
242 
241 
239 
238 
236 
235 
234 
232 
231 
230 
228 
227 
225 
224 
223 
222 
221 
220 
218 
217 
216 
215 
214 
214 
213 
212 
211 
210 
209 
208 
208 
207 
207 
206 
206 
205 
204 
204 
203 
203 
203 
202 
202 
201 
201 
201 
201 
201 
201 
200 
200 
200 
200 
201 
201 
201 
201 
201 
204 
204 
204 
205 
205 
205 
206 
206 
206 
207 
207 
208 
208 
208 
209 
210 
210 
212 
212 
213 
213 
213 
215 
215 
216 
217 
218 
219 
219 
220 
221 
222 
223 
224 
225 
226 
227 
228 
229 
230 
231 
232 
233 
235 
236 
237 
238 
239 
240 
241 
243 
244 
245 
246 
247 
248 
250 
250 
252 
253 
254 
256 
256 
258 
259 
260 
262 
263 
264 
265 
267 
268 
269 
271 
272 
273 
274 
276 
277 
278 
279 
280 
282 
283 
284 
285 
286 
288 
289 
289 
291 
292 
293 
294 
295 
296 
297 
298 
298 
299 
300 
301 
302 
302 
303 
304 
304 
305 
305 
306 
306 
307 
307 
308 
308 
308 
309 
309 
309 
309 
310 
310 
310 
310 
310 
310 
310 
310 
308 
308 
308 
307 
307 
307 
307 
307 
306 
306 
305 
305 
305 
304 
304 
303 
303 
302 
302 
301 
300 
300 
299 
298 
297 
297 
296 
295 
294 
293 
291 
291 
290 
289 
289 
286 
285 
284 
283 
282 
281 
280 
279 
278 
277 
276 
274 
273 
272 
271 
270 
268 
267 
266 
265 
264 
262 
261 
260 
258 
257 
256 
255 
253 
252 
251 
249 
248 
246 
245 
244 
243 
241 
240 
239 
238 
237 
235 
234 
233 
232 
231 
229 
228 
227 
226 
225 
224 
223 
222 
221 
220 
219 
219 
217 
217 
216 
215 
214 
214 
213 
213 
213 
212 
211 
211 
211 
210 
210 
209 
209 
209 
209 
207 
208 
208 
208 
208 
207 
207 
207 
207 
207 
207 
207 
208 
208 
207 
210 
210 
210 
211 
211 
211 
212 
212 
212 
213 
213 
214 
214 
214 
214 
215 
215 
216 
217 
217 
218 
218 
219 
220 
221 
221 
222 
223 
223 
224 
225 
226 
227 
228 
229 
229 
230 
231 
232 
233 
234 
235 
236 
237 
238 
239 
240 
241 
242 
243 
244 
245 
246 
247 
248 
249 
250 
251 
252 
253 
254 
256 
256 
257 
259 
260 
261 
262 
263 
264 
265 
267 
268 
269 
270 
271 
272 
273 
274 
275 
276 
277 
278 
279 
280 
281 
282 
283 
284 
285 
286 
288 
288 
289 
289 
290 
292 
293 
293 
294 
295 
296 
296 
297 
297 
298 
298 
299 
299 
300 
300 
301 
301 
302 
302 
302 
302 
303 
303 
303 
303 
303 
304 
304 
304 
304 
304 
304 
302 
302 
301 
301 
301 
301 
301 
300 
300 
300 
300 
299 
299 
298 
298 
297 
297 
296 
296 
295 
295 
294 
294 
293 
292 
292 
291 
289 
288 
289 
287 
286 
285 
284 
284 
283 
282 
281 
280 
279 
278 
277 
276 
275 
274 
273 
272 
271 
270 
269 
268 
267 
266 
265 
264 
263 
261 
260 
259 
258 
257 
256 
255 
253 
252 
251 
250 
248 
247 
246 
245 
244 
242 
241 
240 
239 
238 
237 
236 
235 
234 
233 
231 
230 
229 
229 
228 
227 
226 
225 
224 
223 
222 
222 
220 
220 
219 
219 
218 
217 
217 
216 
215 
215 
215 
214 
214 
214 
213 
212 
213 
213 
212 
211 
212 
212 
212 
212 
210 
211 
211 
211 
211 
211 
211 
211 
212 
211 
214 
214 
214 
214 
214 
214 
215 
216 
215 
216 
216 
216 
217 
217 
218 
218 
219 
219 
220 
220 
221 
222 
222 
223 
224 
224 
225 
226 
226 
227 
228 
229 
229 
230 
231 
232 
232 
233 
234 
235 
236 
237 
238 
239 
240 
241 
242 
242 
243 
244 
245 
246 
247 
248 
249 
250 
251 
251 
252 
254 
255 
256 
256 
257 
258 
259 
260 
261 
263 
264 
265 
266 
267 
268 
269 
270 
271 
272 
273 
274 
275 
276 
276 
277 
278 
279 
280 
281 
282 
283 
283 
284 
285 
287 
288 
288 
288 
290 
290 
291 
292 
292 
293 
293 
294 
294 
295 
295 
296 
296 
297 
297 
297 
298 
298 
298 
299 
299 
299 
299 
299 
300 
300 
300 
300 
300 
300 
300 
298 
298 
298 
297 
297 
297 
297 
297 
296 
296 
296 
296 
295 
295 
294 
294 
294 
293 
293 
292 
292 
290 
290 
289 
288 
288 
288 
286 
286 
285 
284 
284 
283 
282 
281 
280 
280 
279 
278 
277 
276 
275 
274 
274 
273 
272 
271 
270 
269 
268 
267 
266 
265 
264 
263 
262 
261 
260 
259 
258 
257 
256 
255 
253 
252 
251 
251 
249 
248 
247 
246 
245 
244 
243 
242 
241 
240 
239 
238 
237 
236 
235 
234 
233 
233 
232 
231 
230 
229 
228 
228 
227 
226 
226 
225 
224 
224 
223 
222 
222 
221 
221 
220 
220 
219 
219 
219 
218 
218 
218 
217 
217 
217 
217 
216 
216 
216 
216 
216 
216 
216 
216 
217 
217 
216 
216 
216 
216 
218 
218 
218 
219 
219 
219 
220 
220 
220 
220 
221 
221 
221 
222 
222 
223 
223 
224 
224 
225 
225 
226 
226 
227 
227 
228 
229 
229 
230 
230 
231 
232 
233 
233 
234 
235 
235 
236 
237 
238 
239 
239 
240 
241 
242 
242 
243 
244 
245 
245 
246 
247 
248 
249 
250 
251 
251 
252 
253 
254 
255 
256 
256 
257 
258 
259 
260 
261 
262 
263 
263 
264 
265 
266 
267 
268 
269 
270 
271 
271 
272 
273 
274 
275 
276 
276 
277 
278 
279 
279 
280 
281 
281 
282 
283 
283 
284 
285 
285 
286 
286 
287 
287 
288 
288 
289 
289 
290 
291 
291 
292 
292 
292 
293 
293 
293 
293 
294 
294 
294 
294 
294 
294 
294 
294 
294 
294 
294 
293 
293 
293 
292 
292 
292 
292 
292 
292 
291 
291 
290 
291 
289 
290 
289 
288 
288 
288 
287 
286 
286 
285 
285 
284 
284 
283 
283 
282 
281 
281 
280 
280 
279 
278 
277 
277 
276 
275 
274 
274 
273 
272 
271 
271 
270 
269 
268 
267 
266 
266 
265 
264 
263 
262 
261 
260 
259 
259 
258 
257 
256 
255 
254 
253 
252 
251 
250 
249 
248 
247 
246 
245 
244 
243 
242 
241 
240 
239 
239 
238 
237 
236 
235 
234 
234 
233 
232 
231 
231 
230 
229 
229 
228 
227 
227 
226 
226 
225 
225 
224 
224 
223 
223 
222 
222 
222 
221 
221 
221 
221 
220 
220 
220 
220 
220 
219 
219 
219 
219 
219 
219 
219 
219 
219 
219 
219 
220 
221 
221 
222 
222 
222 
222 
223 
223 
223 
223 
224 
224 
224 
225 
225 
226 
226 
226 
227 
227 
228 
228 
229 
229 
230 
230 
231 
232 
232 
232 
233 
234 
235 
235 
236 
236 
237 
238 
238 
239 
240 
240 
241 
242 
243 
243 
244 
245 
246 
246 
247 
248 
248 
249 
250 
251 
252 
252 
253 
254 
255 
256 
256 
257 
258 
259 
259 
260 
261 
262 
263 
264 
264 
265 
266 
267 
268 
269 
269 
270 
271 
272 
272 
273 
274 
275 
275 
276 
277 
277 
278 
279 
279 
280 
281 
281 
282 
282 
283 
283 
284 
284 
285 
285 
286 
286 
287 
288 
288 
288 
288 
289 
288 
290 
290 
290 
289 
290 
291 
291 
290 
291 
291 
291 
291 
291 
291 
290 
290 
290 
290 
288 
289 
289 
288 
288 
288 
288 
287 
288 
287 
286 
286 
286 
285 
285 
285 
284 
284 
283 
283 
282 
282 
281 
281 
280 
280 
279 
279 
278 
278 
277 
276 
276 
275 
274 
274 
273 
272 
272 
271 
270 
269 
269 
268 
267 
266 
265 
265 
264 
263 
262 
262 
261 
260 
259 
258 
257 
257 
256 
255 
254 
253 
252 
251 
250 
250 
249 
248 
247 
246 
245 
245 
244 
243 
242 
241 
241 
240 
239 
238 
238 
237 
236 
236 
235 
234 
234 
233 
233 
232 
232 
231 
230 
230 
229 
229 
229 
228 
227 
227 
227 
226 
226 
226 
226 
225 
225 
225 
225 
224 
224 
224 
224 
224 
224 
224 
224 
224 
224 
224 
224 
224 
224 
224 
224 
225 
226 
226 
226 
226 
226 
227 
227 
227 
227 
227 
228 
228 
228 
229 
229 
230 
230 
230 
231 
231 
231 
232 
232 
233 
233 
234 
234 
235 
235 
236 
236 
237 
238 
238 
239 
239 
240 
241 
241 
242 
242 
243 
244 
244 
245 
246 
246 
247 
247 
248 
249 
249 
250 
251 
251 
252 
253 
253 
254 
255 
256 
256 
257 
257 
258 
259 
260 
260 
261 
262 
263 
263 
264 
265 
266 
266 
267 
268 
268 
269 
270 
270 
271 
272 
272 
273 
273 
274 
275 
275 
276 
276 
277 
277 
278 
278 
279 
279 
280 
280 
281 
281 
282 
282 
282 
283 
283 
283 
284 
284 
284 
284 
285 
285 
285 
285 
285 
286 
286 
286 
287 
286 
286 
286 
286 
286 
286 
285 
285 
285 
284 
284 
284 
284 
284 
284 
284 
283 
283 
283 
283 
282 
282 
282 
281 
281 
281 
280 
280 
280 
279 
279 
278 
278 
277 
277 
276 
276 
275 
275 
274 
274 
273 
273 
272 
271 
271 
270 
270 
269 
268 
268 
267 
266 
266 
265 
264 
264 
263 
262 
261 
261 
260 
259 
259 
258 
257 
256 
256 
255 
254 
253 
253 
252 
251 
250 
249 
249 
248 
247 
246 
246 
245 
244 
243 
243 
242 
241 
241 
240 
239 
239 
238 
237 
237 
236 
236 
235 
234 
234 
234 
233 
232 
232 
232 
231 
231 
230 
230 
229 
229 
229 
229 
228 
228 
228 
228 
227 
227 
227 
227 
227 
227 
226 
226 
226 
226 
226 
226 
226 
226 
226 
226 
226 
227 
228 
228 
228 
228 
229 
229 
229 
229 
229 
230 
230 
230 
230 
231 
231 
231 
232 
232 
232 
233 
233 
233 
234 
234 
235 
235 
236 
236 
236 
237 
238 
238 
239 
239 
240 
240 
241 
241 
242 
242 
243 
243 
244 
245 
245 
246 
246 
247 
247 
248 
249 
249 
250 
250 
251 
252 
252 
253 
254 
254 
255 
256 
256 
257 
257 
258 
259 
259 
260 
261 
261 
262 
263 
263 
264 
265 
265 
266 
267 
267 
268 
268 
269 
270 
270 
271 
271 
272 
273 
273 
274 
274 
275 
275 
276 
276 
277 
277 
277 
278 
278 
279 
279 
279 
280 
280 
280 
281 
281 
281 
282 
282 
282 
282 
282 
283 
283 
283 
283 
283 
283 
283 
283 
283 
284 
284 
284 
284 
282 
282 
282 
282 
282 
282 
282 
282 
281 
281 
281 
281 
281 
280 
280 
280 
280 
279 
279 
279 
278 
278 
278 
277 
277 
276 
276 
276 
275 
275 
274 
274 
273 
273 
272 
272 
271 
271 
270 
270 
269 
268 
268 
267 
267 
266 
265 
265 
264 
264 
263 
262 
262 
261 
260 
260 
259 
258 
258 
257 
256 
256 
255 
254 
254 
253 
252 
251 
251 
250 
249 
249 
248 
247 
247 
246 
246 
245 
244 
244 
243 
242 
242 
241 
241 
240 
240 
239 
238 
238 
237 
237 
237 
236 
236 
235 
235 
234 
234 
234 
233 
233 
233 
232 
232 
232 
232 
231 
231 
231 
231 
231 
230 
230 
230 
230 
230 
230 
230 
230 
230 
230 
230 
230 
230 
230 
230 
230 
231 
231 
231 
232 
232 
232 
232 
232 
232 
233 
233 
233 
233 
234 
234 
234 
235 
235 
235 
236 
236 
236 
237 
237 
237 
238 
238 
239 
239 
239 
240 
240 
241 
241 
242 
242 
242 
243 
243 
244 
244 
245 
245 
246 
246 
247 
248 
248 
248 
249 
250 
250 
250 
251 
252 
252 
253 
253 
254 
254 
255 
256 
256 
256 
257 
258 
258 
259 
259 
260 
261 
261 
262 
262 
263 
264 
264 
265 
265 
266 
266 
267 
267 
268 
268 
269 
269 
270 
270 
271 
271 
272 
272 
273 
273 
274 
274 
274 
275 
275 
275 
276 
276 
276 
277 
277 
277 
278 
278 
278 
278 
279 
279 
279 
279 
279 
279 
280 
280 
280 
280 
280 
280 
280 
280 
280 
280 
280 
279 
279 
279 
279 
279 
279 
279 
278 
278 
278 
278 
278 
278 
277 
277 
277 
277 
276 
276 
276 
276 
275 
275 
275 
274 
274 
273 
273 
273 
272 
272 
272 
271 
271 
270 
270 
269 
269 
268 
268 
267 
267 
266 
266 
265 
265 
264 
264 
263 
263 
262 
261 
261 
260 
260 
259 
259 
258 
257 
257 
256 
256 
255 
254 
254 
253 
253 
252 
251 
251 
250 
249 
249 
248 
247 
247 
246 
246 
245 
245 
244 
244 
243 
242 
242 
241 
241 
241 
240 
239 
239 
239 
238 
238 
237 
237 
237 
236 
236 
236 
235 
235 
235 
234 
234 
234 
234 
233 
233 
233 
233 
233 
233 
232 
232 
232 
232 
232 
232 
232 
232 
232 
232 
232 
232 
232 
232 
232 
233 
233 
233 
234 
234 
234 
234 
234 
234 
235 
235 
235 
235 
236 
236 
236 
236 
237 
237 
237 
237 
238 
238 
238 
239 
239 
240 
240 
240 
241 
241 
241 
242 
242 
243 
243 
243 
244 
244 
245 
245 
246 
246 
247 
247 
248 
248 
248 
249 
250 
250 
251 
251 
251 
252 
253 
253 
253 
254 
254 
255 
256 
256 
256 
257 
258 
258 
259 
259 
260 
260 
261 
261 
262 
262 
263 
263 
264 
264 
265 
265 
266 
266 
267 
267 
268 
268 
269 
269 
270 
270 
270 
271 
271 
272 
272 
272 
273 
273 
274 
274 
274 
274 
275 
275 
275 
276 
276 
276 
276 
276 
277 
277 
277 
277 
277 
277 
278 
278 
278 
278 
278 
278 
278 
278 
278 
278 
278 
277 
277 
277 
277 
277 
277 
277 
277 
276 
276 
276 
276 
276 
276 
275 
275 
275 
275 
274 
274 
274 
274 
273 
273 
273 
272 
272 
272 
271 
271 
271 
270 
270 
269 
269 
269 
268 
268 
267 
267 
266 
266 
265 
265 
264 
264 
263 
263 
262 
262 
261 
261 
260 
260 
259 
259 
258 
258 
257 
257 
256 
256 
255 
254 
254 
253 
253 
252 
252 
251 
251 
250 
249 
249 
248 
248 
248 
247 
246 
246 
245 
245 
244 
244 
244 
243 
243 
242 
242 
241 
241 
241 
240 
240 
239 
239 
239 
239 
238 
238 
238 
237 
237 
237 
237 
236 
236 
236 
236 
236 
236 
235 
235 
235 
235 
235 
235 
235 
235 
235 
235 
235 
235 
235 
235 
235 
235 
235 
236 
236 
236 
236 
236 
237 
237 
237 
237 
237 
237 
238 
238 
238 
238 
238 
239 
239 
239 
239 
240 
240 
240 
241 
241 
241 
242 
242 
242 
242 
243 
243 
244 
244 
244 
245 
245 
245 
246 
246 
247 
247 
247 
248 
248 
249 
249 
249 
250 
250 
251 
251 
251 
252 
252 
253 
253 
254 
254 
255 
255 
256 
256 
256 
257 
257 
258 
258 
259 
259 
260 
260 
261 
261 
262 
262 
262 
263 
263 
264 
264 
265 
265 
266 
266 
266 
267 
267 
268 
268 
268 
269 
269 
269 
270 
270 
270 
271 
271 
271 
272 
272 
272 
272 
273 
273 
273 
273 
274 
274 
274 
274 
274 
274 
275 
275 
275 
275 
275 
275 
275 
275 
275 
275 
275 
275 
275 
275 
274 
274 
274 
274 
274 
274 
274 
274 
274 
274 
274 
273 
273 
273 
273 
273 
273 
272 
272 
272 
272 
271 
271 
271 
271 
270 
270 
270 
269 
269 
269 
268 
268 
268 
267 
267 
267 
266 
266 
265 
265 
265 
264 
264 
263 
263 
262 
262 
262 
261 
261 
260 
260 
259 
259 
258 
258 
258 
257 
257 
256 
256 
255 
255 
254 
254 
253 
252 
252 
252 
251 
251 
250 
249 
249 
249 
248 
248 
247 
247 
246 
246 
245 
245 
245 
244 
244 
243 
243 
243 
242 
242 
242 
241 
241 
241 
240 
240 
240 
239 
239 
239 
239 
238 
238 
238 
238 
238 
238 
237 
237 
237 
237 
237 
237 
237 
237 
237 
237 
237 
237 
237 
237 
237 
237 
237 
237 
237 
238 
238 
238 
238 
238 
238 
238 
238 
238 
239 
239 
239 
239 
239 
240 
240 
240 
240 
241 
241 
241 
241 
241 
242 
242 
242 
243 
243 
243 
243 
244 
244 
245 
245 
245 
245 
246 
246 
247 
247 
247 
248 
248 
248 
249 
249 
250 
250 
250 
251 
251 
252 
252 
252 
253 
253 
254 
254 
254 
255 
255 
256 
256 
256 
257 
257 
258 
258 
258 
259 
259 
260 
260 
261 
261 
261 
262 
262 
263 
263 
264 
264 
264 
265 
265 
265 
266 
266 
267 
267 
267 
268 
268 
268 
269 
269 
269 
269 
270 
270 
270 
271 
271 
271 
271 
271 
272 
272 
272 
272 
272 
273 
273 
273 
273 
273 
273 
273 
273 
273 
274 
274 
274 
274 
274 
274 
274 
274 
273 
273 
273 
273 
273 
273 
273 
272 
272 
272 
272 
272 
272 
272 
271 
271 
271 
271 
271 
270 
270 
270 
270 
270 
269 
269 
269 
268 
268 
268 
268 
267 
267 
267 
266 
266 
266 
265 
265 
265 
264 
264 
263 
263 
263 
262 
262 
262 
261 
261 
260 
260 
259 
259 
259 
258 
258 
257 
257 
257 
256 
256 
255 
255 
254 
254 
253 
253 
252 
252 
252 
251 
251 
250 
250 
249 
249 
249 
248 
248 
247 
247 
247 
246 
246 
246 
245 
245 
244 
244 
244 
244 
243 
243 
243 
242 
242 
242 
242 
241 
241 
241 
241 
241 
240 
240 
240 
240 
240 
240 
239 
239 
239 
239 
239 
239 
239 
239 
239 
239 
239 
239 
239 
239 
239 
239 
239 
239 
240 
240 
240 
240 
240 
240 
240 
241 
241 
241 
241 
241 
241 
241 
242 
242 
242 
242 
242 
243 
243 
243 
243 
243 
244 
244 
244 
245 
245 
245 
245 
246 
246 
246 
247 
247 
247 
247 
248 
248 
248 
249 
249 
249 
250 
250 
250 
251 
251 
251 
252 
252 
252 
253 
253 
253 
254 
254 
254 
255 
255 
256 
256 
256 
257 
257 
257 
258 
258 
258 
259 
259 
260 
260 
260 
261 
261 
261 
262 
262 
263 
263 
263 
264 
264 
264 
265 
265 
265 
266 
266 
266 
266 
267 
267 
267 
267 
268 
268 
268 
268 
269 
269 
269 
269 
270 
270 
270 
270 
270 
270 
270 
271 
271 
271 
271 
271 
271 
271 
271 
271 
271 
271 
271 
271 
271 
271 
271 
271 
271 
271 
271 
271 
270 
270 
270 
270 
270 
270 
270 
270 
270 
270 
269 
269 
269 
269 
269 
268 
268 
268 
268 
268 
267 
267 
267 
267 
266 
266 
266 
266 
265 
265 
265 
264 
264 
264 
263 
263 
263 
262 
262 
262 
261 
261 
261 
260 
260 
260 
259 
259 
259 
258 
258 
258 
257 
257 
256 
256 
256 
255 
255 
254 
254 
254 
253 
253 
252 
252 
252 
251 
251 
250 
250 
250 
249 
249 
248 
248 
248 
247 
247 
247 
246 
246 
246 
245 
245 
245 
245 
244 
244 
244 
243 
243 
243 
243 
243 
242 
242 
242 
242 
242 
241 
241 
241 
241 
241 
241 
241 
241 
241 
240 
240 
240 
240 
240 
240 
240 
240 
240 
240 
240 
240 
240 
240 
241 
241 
241 
241 
241 
242 
242 
242 
242 
242 
242 
242 
242 
243 
243 
243 
243 
243 
243 
244 
244 
244 
244 
244 
245 
245 
245 
245 
246 
246 
246 
246 
247 
247 
247 
247 
248 
248 
248 
249 
249 
249 
249 
250 
250 
250 
251 
251 
251 
252 
252 
252 
253 
253 
253 
254 
254 
254 
254 
255 
255 
256 
256 
256 
256 
257 
257 
258 
258 
258 
259 
259 
259 
260 
260 
260 
261 
261 
261 
262 
262 
262 
263 
263 
263 
264 
264 
264 
264 
265 
265 
265 
265 
266 
266 
266 
266 
267 
267 
267 
267 
268 
268 
268 
268 
268 
269 
269 
269 
269 
269 
269 
269 
269 
270 
270 
270 
270 
270 
270 
270 
270 
270 
270 
270 
270 
270 
270 
269 
269 
269 
269 
269 
269 
269 
269 
269 
269 
269 
269 
269 
268 
268 
268 
268 
268 
268 
268 
267 
267 
267 
267 
267 
266 
266 
266 
266 
265 
265 
265 
265 
264 
264 
264 
264 
263 
263 
263 
263 
262 
262 
262 
261 
261 
261 
260 
260 
260 
259 
259 
259 
258 
258 
258 
257 
257 
257 
256 
256 
256 
255 
255 
254 
254 
254 
253 
253 
253 
252 
252 
252 
251 
251 
251 
250 
250 
250 
249 
249 
249 
248 
248 
248 
247 
247 
247 
247 
246 
246 
246 
246 
245 
245 
245 
245 
245 
244 
244 
244 
244 
244 
243 
243 
243 
243 
243 
243 
243 
243 
243 
242 
242 
242 
242 
242 
242 
242 
242 
242 
242 
242 
242 
242 
242 
242 
242 
243 
243 
243 
243 
243 
243 
243 
243 
243 
244 
244 
244 
244 
244 
244 
244 
245 
245 
245 
245 
245 
245 
246 
246 
246 
246 
246 
247 
247 
247 
247 
247 
248 
248 
248 
248 
249 
249 
249 
249 
250 
250 
250 
250 
251 
251 
251 
252 
252 
252 
252 
253 
253 
253 
253 
254 
254 
254 
255 
255 
255 
256 
256 
256 
256 
257 
257 
257 
258 
258 
258 
259 
259 
259 
259 
260 
260 
260 
261 
261 
261 
261 
262 
262 
262 
263 
263 
263 
263 
264 
264 
264 
264 
265 
265 
265 
265 
265 
266 
266 
266 
266 
266 
266 
267 
267 
267 
267 
267 
267 
267 
268 
268 
268 
268 
268 
268 
268 
268 
268 
268 
268 
268 
268 
268 
268 
268 
268 
268 
268 
268 
268 
268 
268 
268 
267 
267 
267 
267 
267 
267 
267 
267 
267 
267 
266 
266 
266 
266 
266 
266 
265 
265 
265 
265 
265 
264 
264 
264 
264 
264 
263 
263 
263 
263 
262 
262 
262 
262 
261 
261 
261 
261 
260 
260 
260 
259 
259 
259 
259 
258 
258 
258 
257 
257 
257 
257 
256 
256 
256 
255 
255 
255 
254 
254 
254 
253 
253 
253 
252 
252 
252 
251 
251 
251 
250 
250 
250 
250 
249 
249 
249 
248 
248 
248 
248 
247 
247 
247 
247 
246 
246 
246 
246 
246 
245 
245 
245 
245 
245 
245 
244 
244 
244 
244 
244 
244 
244 
244 
244 
244 
243 
243 
243 
243 
243 
243 
243 
243 
243 
243 
243 
243 
243 
243 
243 
244 
244 
244 
244 
244 
244 
244 
244 
244 
245 
245 
245 
245 
245 
245 
245 
245 
246 
246 
246 
246 
246 
246 
247 
247 
247 
247 
247 
247 
248 
248 
248 
248 
249 
249 
249 
249 
249 
250 
250 
250 
250 
251 
251 
251 
251 
252 
252 
252 
252 
253 
253 
253 
253 
254 
254 
254 
254 
255 
255 
255 
256 
256 
256 
256 
257 
257 
257 
257 
258 
258 
258 
259 
259 
259 
259 
260 
260 
260 
260 
261 
261 
261 
261 
262 
262 
262 
262 
263 
263 
263 
263 
264 
264 
264 
264 
264 
265 
265 
265 
265 
265 
265 
266 
266 
266 
266 
266 
266 
266 
266 
267 
267 
267 
267 
267 
267 
267 
267 
267 
267 
267 
267 
267 
267 
267 
267 
267 
267 
267 
267 
267 
267 
267 
267 
266 
266 
266 
266 
266 
266 
266 
266 
266 
266 
265 
265 
265 
265 
265 
265 
265 
264 
264 
264 
264 
264 
264 
263 
263 
263 
263 
263 
262 
262 
262 
262 
261 
261 
261 
261 
260 
260 
260 
260 
259 
259 
259 
259 
258 
258 
258 
258 
257 
257 
257 
256 
256 
256 
256 
255 
255 
255 
254 
254 
254 
253 
253 
253 
253 
252 
252 
252 
252 
251 
251 
251 
250 
250 
250 
250 
249 
249 
249 
249 
249 
248 
248 
248 
248 
248 
247 
247 
247 
247 
247 
246 
246 
246 
246 
246 
246 
246 
246 
245 
245 
245 
245 
245 
245 
245 
245 
245 
245 
245 
245 
245 
245 
245 
245 
245 
245 
245 
245 
245 
245 
245 
245 
245 
245 
246 
246 
246 
246 
246 
246 
246 
246 
246 
246 
246 
247 
247 
247 
247 
247 
247 
247 
248 
248 
248 
248 
248 
248 
248 
249 
249 
249 
249 
249 
250 
250 
250 
250 
250 
251 
251 
251 
251 
251 
252 
252 
252 
252 
253 
253 
253 
253 
253 
254 
254 
254 
254 
255 
255 
255 
255 
256 
256 
256 
256 
256 
257 
257 
257 
257 
258 
258 
258 
258 
259 
259 
259 
259 
260 
260 
260 
260 
261 
261 
261 
261 
261 
262 
262 
262 
262 
262 
263 
263 
263 
263 
263 
263 
264 
264 
264 
264 
264 
264 
264 
265 
265 
265 
265 
265 
265 
265 
265 
265 
265 
266 
266 
266 
266 
266 
266 
266 
266 
266 
266 
266 
266 
266 
265 
265 
265 
265 
265 
265 
265 
265 
265 
265 
265 
265 
265 
265 
265 
264 
264 
264 
264 
264 
264 
264 
264 
264 
263 
263 
263 
263 
263 
263 
262 
262 
262 
262 
262 
261 
261 
261 
261 
261 
260 
260 
260 
260 
260 
259 
259 
259 
259 
258 
258 
258 
258 
258 
257 
257 
257 
257 
256 
256 
256 
256 
255 
255 
255 
254 
254 
254 
254 
253 
253 
253 
253 
252 
252 
252 
252 
251 
251 
251 
251 
250 
250 
250 
250 
250 
249 
249 
249 
249 
249 
248 
248 
248 
248 
248 
248 
247 
247 
247 
247 
247 
247 
247 
246 
246 
246 
246 
246 
246 
246 
246 
246 
246 
246 
246 
246 
246 
246 
246 
246 
246 
246 
246 
246 
246 
246 
246 
246 
246 
246 
246 
246 
246 
247 
247 
247 
247 
247 
247 
247 
247 
247 
247 
247 
248 
248 
248 
248 
248 
248 
248 
248 
249 
249 
249 
249 
249 
249 
250 
250 
250 
250 
250 
250 
251 
251 
251 
251 
251 
252 
252 
252 
252 
252 
253 
253 
253 
253 
253 
254 
254 
254 
254 
254 
255 
255 
255 
255 
256 
256 
256 
256 
256 
257 
257 
257 
257 
257 
258 
258 
258 
258 
259 
259 
259 
259 
259 
260 
260 
260 
260 
261 
261 
261 
261 
261 
261 
262 
262 
262 
262 
262 
262 
263 
263 
263 
263 
263 
263 
263 
264 
264 
264 
264 
264 
264 
264 
264 
264 
264 
265 
265 
265 
265 
265 
265 
265 
265 
265 
265 
265 
265 
265 
265 
265 
265 
265 
265 
264 
264 
264 
264 
264 
264 
264 
264 
264 
264 
264 
264 
264 
264 
264 
263 
263 
263 
263 
263 
263 
263 
263 
262 
262 
262 
262 
262 
262 
262 
261 
261 
261 
261 
261 
260 
260 
260 
260 
260 
259 
259 
259 
259 
259 
258 
258 
258 
258 
258 
257 
257 
257 
257 
256 
256 
256 
256 
256 
255 
255 
255 
255 
254 
254 
254 
254 
253 
253 
253 
253 
253 
252 
252 
252 
252 
251 
251 
251 
251 
251 
250 
250 
250 
250 
250 
250 
249 
249 
249 
249 
249 
249 
248 
248 
248 
248 
248 
248 
248 
248 
248 
247 
247 
247 
247 
247 
247 
247 
247 
247 
247 
247 
247 
247 
247 
247 
247 
247 
247 
247 
247 
247 
247 
247 
247 
247 
247 
247 
247 
248 
248 
248 
248 
248 
248 
248 
248 
248 
248 
248 
248 
249 
249 
249 
249 
249 
249 
249 
249 
249 
250 
250 
250 
250 
250 
250 
250 
251 
251 
251 
251 
251 
251 
252 
252 
252 
252 
252 
252 
253 
253 
253 
253 
253 
253 
254 
254 
254 
254 
254 
255 
255 
255 
255 
255 
256 
256 
256 
256 
256 
256 
257 
257 
257 
257 
257 
258 
258 
258 
258 
258 
259 
259 
259 
259 
259 
260 
260 
260 
260 
260 
260 
261 
261 
261 
261 
261 
261 
261 
262 
262 
262 
262 
262 
262 
262 
263 
263 
263 
263 
263 
263 
263 
263 
263 
263 
263 
263 
264 
264 
264 
264 
264 
264 
264 
264 
264 
264 
264 
264 
264 
264 
263 
263 
263 
263 
263 
263 
263 
263 
263 
263 
263 
263 
263 
263 
263 
263 
263 
263 
262 
262 
262 
262 
262 
262 
262 
262 
262 
261 
261 
261 
261 
261 
261 
261 
260 
260 
260 
260 
260 
260 
260 
259 
259 
259 
259 
259 
258 
258 
258 
258 
258 
258 
257 
257 
257 
257 
257 
256 
256 
256 
256 
256 
255 
255 
255 
255 
254 
254 
254 
254 
254 
253 
253 
253 
253 
253 
252 
252 
252 
252 
252 
251 
251 
251 
251 
251 
251 
250 
250 
250 
250 
250 
250 
250 
249 
249 
249 
249 
249 
249 
249 
248 
248 
248 
248 
248 
248 
248 
248 
248 
248 
248 
248 
248 
248 
248 
248 
248 
248 
248 
248 
248 
248 
248 
248 
248 
248 
248 
248 
248 
248 
248 
248 
248 
248 
248 
248 
248 
248 
249 
249 
249 
249 
249 
249 
249 
249 
249 
249 
249 
250 
250 
250 
250 
250 
250 
250 
250 
251 
251 
251 
251 
251 
251 
251 
252 
252 
252 
252 
252 
252 
253 
253 
253 
253 
253 
253 
253 
254 
254 
254 
254 
254 
254 
255 
255 
255 
255 
255 
256 
256 
256 
256 
256 
256 
257 
257 
257 
257 
257 
257 
258 
258 
258 
258 
258 
259 
259 
259 
259 
259 
259 
260 
260 
260 
260 
260 
260 
260 
261 
261 
261 
261 
261 
261 
261 
261 
262 
262 
262 
262 
262 
262 
262 
262 
262 
262 
263 
263 
263 
263 
263 
263 
263 
263 
263 
263 
263 
263 
263 
263 
263 
263 
263 
263 
263 
263 
263 
263 
263 
263 
263 
263 
263 
263 
263 
262 
262 
262 
262 
262 
262 
262 
262 
262 
262 
262 
262 
262 
261 
261 
261 
261 
261 
261 
261 
261 
260 
260 
260 
260 
260 
260 
260 
259 
259 
259 
259 
259 
259 
259 
258 
258 
258 
258 
258 
258 
257 
257 
257 
257 
257 
256 
256 
256 
256 
256 
256 
255 
255 
255 
255 
255 
254 
254 
254 
254 
254 
253 
253 
253 
253 
253 
253 
252 
252 
252 
252 
252 
252 
251 
251 
251 
251 
251 
251 
251 
250 
250 
250 
250 
250 
250 
250 
250 
250 
249 
249 
249 
249 
249 
249 
249 
249 
249 
249 
249 
249 
249 
249 
249 
249 
249 
249 
249 
248 
248 
248 
248 
249 
249 
249 
249 
249 
249 
249 
249 
249 
249 
249 
249 
249 
249 
249 
249 
249 
249 
250 
250 
250 
250 
250 
250 
250 
250 
250 
250 
250 
251 
251 
251 
251 
251 
251 
251 
251 
251 
252 
252 
252 
252 
252 
252 
252 
252 
253 
253 
253 
253 
253 
253 
253 
254 
254 
254 
254 
254 
254 
254 
255 
255 
255 
255 
255 
255 
256 
256 
256 
256 
256 
256 
256 
257 
257 
257 
257 
257 
257 
258 
258 
258 
258 
258 
258 
258 
259 
259 
259 
259 
259 
259 
259 
260 
260 
260 
260 
260 
260 
260 
260 
261 
261 
261 
261 
261 
261 
261 
261 
261 
261 
261 
262 
262 
262 
262 
262 
262 
262 
262 
262 
262 
262 
262 
262 
262 
262 
262 
262 
262 
262 
262 
262 
262 
262 
262 
262 
262 
262 
262 
262 
262 
262 
262 
262 
262 
261 
261 
261 
261 
261 
261 
261 
261 
261 
261 
261 
261 
261 
260 
260 
260 
260 
260 
260 
260 
260 
260 
259 
259 
259 
259 
259 
259 
259 
258 
258 
258 
258 
258 
258 
258 
257 
257 
257 
257 
257 
257 
257 
256 
256 
256 
256 
256 
256 
255 
255 
255 
255 
255 
254 
254 
254 
254 
254 
254 
253 
253 
253 
253 
253 
253 
253 
252 
252 
252 
252 
252 
252 
252 
251 
251 
251 
251 
251 
251 
251 
251 
250 
250 
250 
250 
250 
250 
250 
250 
250 
250 
250 
250 
249 
249 
249 
249 
249 
249 
249 
249 
249 
249 
249 
249 
249 
249 
249 
249 
249 
249 
249 
249 
249 
249 
249 
249 
250 
250 
250 
250 
250 
250 
250 
250 
250 
250 
250 
250 
250 
250 
250 
250 
251 
251 
251 
251 
251 
251 
251 
251 
251 
251 
251 
252 
252 
252 
252 
252 
252 
252 
252 
252 
253 
253 
253 
253 
253 
253 
253 
254 
254 
254 
254 
254 
254 
254 
254 
255 
255 
255 
255 
255 
255 
255 
256 
256 
256 
256 
256 
256 
256 
256 
257 
257 
257 
257 
257 
257 
258 
258 
258 
258 
258 
258 
258 
258 
259 
259 
259 
259 
259 
259 
259 
259 
260 
260 
260 
260 
260 
260 
260 
260 
260 
260 
261 
261 
261 
261 
261 
261 
261 
261 
261 
261 
261 
261 
261 
261 
261 
261 
262 
262 
262 
262 
262 
262 
262 
262 
262 
262 
262 
261 
261 
261 
261 
261 
261 
261 
261 
261 
261 
261 
261 
261 
261 
261 
261 
261 
261 
261 
261 
261 
260 
260 
260 
260 
260 
260 
260 
260 
260 
260 
260 
259 
259 
259 
259 
259 
259 
259 
259 
258 
258 
258 
258 
258 
258 
258 
258 
257 
257 
257 
257 
257 
257 
257 
256 
256 
256 
256 
256 
256 
256 
255 
255 
255 
255 
255 
255 
254 
254 
254 
254 
254 
254 
254 
253 
253 
253 
253 
253 
253 
253 
252 
252 
252 
252 
252 
252 
252 
252 
252 
251 
251 
251 
251 
251 
251 
251 
251 
251 
251 
251 
250 
250 
250 
250 
250 
250 
250 
250 
250 
250 
250 
250 
250 
250 
250 
250 
250 
250 
250 
250 
250 
250 
250 
250 
250 
250 
250 
250 
250 
250 
250 
250 
250 
250 
250 
250 
251 
251 
251 
251 
251 
251 
251 
251 
251 
251 
251 
251 
251 
251 
252 
252 
252 
252 
252 
252 
252 
252 
252 
252 
252 
253 
253 
253 
253 
253 
253 
253 
253 
253 
254 
254 
254 
254 
254 
254 
254 
254 
254 
255 
255 
255 
255 
255 
255 
255 
255 
256 
256 
256 
256 
256 
256 
256 
256 
257 
257 
257 
257 
257 
257 
257 
257 
258 
258 
258 
258 
258 
258 
258 
258 
258 
259 
259 
259 
259 
259 
259 
259 
259 
259 
259 
260 
260 
260 
260 
260 
260 
260 
260 
260 
260 
260 
260 
260 
260 
261 
261 
261 
261 
261 
261 
261 
261 
261 
261 
261 
261 
261 
261 
261 
261 
261 
261 
261 
261 
261 
261 
261 
261 
261 
261 
260 
260 
260 
260 
260 
260 
260 
260 
260 
260 
260 
260 
260 
260 
260 
260 
260 
260 
259 
259 
259 
259 
259 
259 
259 
259 
259 
259 
259 
258 
258 
258 
258 
258 
258 
258 
258 
258 
257 
257 
257 
257 
257 
257 
257 
257 
256 
256 
256 
256 
256 
256 
256 
256 
255 
255 
255 
255 
255 
255 
255 
254 
254 
254 
254 
254 
254 
254 
254 
253 
253 
253 
253 
253 
253 
253 
253 
252 
252 
252 
252 
252 
252 
252 
252 
252 
251 
251 
251 
251 
251 
251 
251 
251 
251 
251 
251 
251 
251 
251 
251 
251 
251 
250 
250 
250 
250 
250 
250 
250 
250 
250 
250 
250 
250 
250 
250 
250 
250 
250 
251 
251 
251 
251 
251 
251 
251 
251 
251 
251 
251 
251 
251 
251 
251 
251 
251 
251 
251 
251 
252 
252 
252 
252 
252 
252 
252 
252 
252 
252 
252 
252 
253 
253 
253 
253 
253 
253 
253 
253 
253 
253 
253 
254 
254 
254 
254 
254 
254 
254 
254 
254 
254 
255 
255 
255 
255 
255 
255 
255 
255 
256 
256 
256 
256 
256 
256 
256 
256 
256 
257 
257 
257 
257 
257 
257 
257 
257 
257 
258 
258 
258 
258 
258 
258 
258 
258 
258 
259 
259 
259 
259 
259 
259 
259 
259 
259 
259 
259 
259 
260 
260 
260 
260 
260 
260 
260 
260 
260 
260 
260 
260 
260 
260 
260 
260 
260 
260 
260 
260 
260 
260 
260 
260 
260 
260 
260 
260 
260 
260 
260 
260 
260 
260 
260 
260 
260 
260 
260 
260 
260 
260 
260 
260 
260 
260 
260 
260 
260 
259 
259 
259 
259 
259 
259 
259 
259 
259 
259 
259 
259 
259 
258 
258 
258 
258 
258 
258 
258 
258 
258 
258 
257 
257 
257 
257 
257 
257 
257 
257 
257 
256 
256 
256 
256 
256 
256 
256 
256 
256 
255 
255 
255 
255 
255 
255 
255 
255 
254 
254 
254 
254 
254 
254 
254 
254 
253 
253 
253 
253 
253 
253 
253 
253 
253 
253 
252 
252 
252 
252 
252 
252 
252 
252 
252 
252 
252 
252 
252 
252 
251 
251 
251 
251 
251 
251 
251 
251 
251 
251 
251 
251 
251 
251 
251 
251 
251 
251 
251 
251 
251 
251 
251 
251 
251 
251 
251 
251 
251 
251 
251 
251 
251 
251 
251 
251 
252 
252 
252 
252 
252 
252 
252 
252 
252 
252 
252 
252 
252 
252 
252 
252 
252 
253 
253 
253 
253 
253 
253 
253 
253 
253 
253 
253 
253 
253 
254 
254 
254 
254 
254 
254 
254 
254 
254 
254 
254 
255 
255 
255 
255 
255 
255 
255 
255 
255 
255 
256 
256 
256 
256 
256 
256 
256 
256 
256 
256 
257 
257 
257 
257 
257 
257 
257 
257 
257 
257 
258 
258 
258 
258 
258 
258 
258 
258 
258 
258 
258 
258 
259 
259 
259 
259 
259 
259 
259 
259 
259 
259 
259 
259 
259 
259 
259 
259 
260 
260 
260 
260 
260 
260 
260 
260 
260 
260 
260 
260 
260 
260 
260 
260 
260 
260 
260 
260 
260 
260 
260 
260 
260 
260 
260 
260 
260 
259 
259 
259 
259 
259 
259 
259 
259 
259 
259 
259 
259 
259 
259 
259 
259 
259 
259 
259 
258 
258 
258 
258 
258 
258 
258 
258 
258 
258 
258 
258 
258 
257 
257 
257 
257 
257 
257 
257 
257 
257 
257 
256 
256 
256 
256 
256 
256 
256 
256 
256 
256 
255 
255 
255 
255 
255 
255 
255 
255 
255 
254 
254 
254 
254 
254 
254 
254 
254 
254 
253 
253 
253 
253 
253 
253 
253 
253 
253 
253 
253 
253 
252 
252 
252 
252 
252 
252 
252 
252 
252 
252 
252 
252 
252 
252 
252 
252 
252 
252 
251 
251 
251 
251 
251 
251 
251 
251 
251 
251 
251 
251 
251 
251 
251 
251 
251 
251 
252 
252 
252 
252 
252 
252 
252 
252 
252 
252 
252 
252 
252 
252 
252 
252 
252 
252 
252 
252 
252 
252 
252 
252 
253 
253 
253 
253 
253 
253 
253 
253 
253 
253 
253 
253 
253 
253 
254 
254 
254 
254 
254 
254 
254 
254 
254 
254 
254 
254 
255 
255 
255 
255 
255 
255 
255 
255 
255 
255 
255 
256 
256 
256 
256 
256 
256 
256 
256 
256 
256 
256 
257 
257 
257 
257 
257 
257 
257 
257 
257 
257 
257 
258 
258 
258 
258 
258 
258 
258 
258 
258 
258 
258 
258 
258 
258 
259 
259 
259 
259 
259 
259 
259 
259 
259 
259 
259 
259 
259 
259 
259 
259 
259 
259 
259 
259 
259 
259 
259 
259 
259 
259 
259 
259 
259 
259 
259 
259 
259 
259 
259 
259 
259 
259 
259 
259 
259 
259 
259 
259 
259 
259 
259 
259 
259 
259 
259 
259 
259 
259 
259 
259 
258 
258 
258 
258 
258 
258 
258 
258 
258 
258 
258 
258 
258 
258 
257 
257 
257 
257 
257 
257 
257 
257 
257 
257 
257 
257 
256 
256 
256 
256 
256 
256 
256 
256 
256 
256 
256 
255 
255 
255 
255 
255 
255 
255 
255 
255 
255 
254 
254 
254 
254 
254 
254 
254 
254 
254 
254 
254 
253 
253 
253 
253 
253 
253 
253 
253 
253 
253 
253 
253 
253 
253 
253 
252 
252 
252 
252 
252 
252 
252 
252 
252 
252 
252 
252 
252 
252 
252 
252 
252 
252 
252 
252 
252 
252 
252 
252 
252 
252 
252 
252 
252 
252 
252 
252 
252 
252 
252 
252 
252 
252 
252 
252 
252 
252 
252 
252 
252 
252 
253 
253 
253 
253 
253 
253 
253 
253 
253 
253 
253 
253 
253 
253 
253 
253 
253 
253 
254 
254 
254 
254 
254 
254 
254 
254 
254 
254 
254 
254 
254 
254 
254 
255 
255 
255 
255 
255 
255 
255 
255 
255 
255 
255 
255 
256 
256 
256 
256 
256 
256 
256 
256 
256 
256 
256 
256 
256 
257 
257 
257 
257 
257 
257 
257 
257 
257 
257 
257 
257 
257 
258 
258 
258 
258 
258 
258 
258 
258 
258 
258 
258 
258 
258 
258 
258 
258 
258 
259 
259 
259 
259 
259 
259 
259 
259 
259 
259 
259 
259 
259 
259 
259 
259 
259 
259 
259 
259 
259 
259 
259 
259 
259 
259 
259 
259 
259 
259 
259 
259 
259 
259 
259 
259 
259 
259 
259 
259 
259 
258 
258 
258 
258 
258 
258 
258 
258 
258 
258 
258 
258 
258 
258 
258 
258 
258 
258 
258 
257 
257 
257 
257 
257 
257 
257 
257 
257 
257 
257 
257 
257 
257 
256 
256 
256 
256 
256 
256 
256 
256 
256 
256 
256 
256 
255 
255 
255 
255 
255 
255 
255 
255 
255 
255 
255 
254 
254 
254 
254 
254 
254 
254 
254 
254 
254 
254 
254 
253 
253 
253 
253 
253 
253 
253 
253 
253 
253 
253 
253 
253 
253 
253 
253 
253 
253 
252 
252 
252 
252 
252 
252 
252 
252 
252 
252 
252 
252 
252 
252 
252 
252 
252 
252 
252 
252 
252 
252 
252 
252 
252 
252 
252 
252 
252 
252 
252 
252 
252 
252 
253 
253 
253 
253 
253 
253 
253 
253 
253 
253 
253 
253 
253 
253 
253 
253 
253 
253 
253 
253 
253 
253 
253 
254 
254 
254 
254 
254 
254 
254 
254 
254 
254 
254 
254 
254 
254 
254 
255 
255 
255 
255 
255 
255 
255 
255 
255 
255 
255 
255 
255 
255 
256 
256 
256 
256 
256 
256 
256 
256 
256 
256 
256 
256 
256 
256 
257 
257 
257 
257 
257 
257 
257 
257 
257 
257 
257 
257 
257 
257 
258 
258 
258 
258 
258 
258 
258 
258 
258 
258 
258 
258 
258 
258 
258 
258 
258 
258 
258 
258 
258 
258 
259 
259 
259 
259 
259 
259 
259 
259 
259 
259 
259 
259 
259 
259 
259 
259 
259 
259 
259 
259 
259 
259 
259 
259 
258 
258 
258 
258 
258 
258 
258 
258 
258 
258 
258 
258 
258 
258 
258 
258 
258 
258 
258 
258 
258 
258 
258 
258 
258 
258 
257 
257 
257 
257 
257 
257 
257 
257 
257 
257 
257 
257 
257 
257 
257 
256 
256 
256 
256 
256 
256 
256 
256 
256 
256 
256 
256 
256 
256 
255 
255 
255 
255 
255 
255 
255 
255 
255 
255 
255 
255 
254 
254 
254 
254 
254 
254 
254 
254 
254 
254 
254 
254 
254 
254 
254 
253 
253 
253 
253 
253 
253 
253 
253 
253 
253 
253 
253 
253 
253 
253 
253 
253 
253 
253 
253 
253 
253 
253 
253 
253 
253 
253 
253 
253 
253 
253 
253 
253 
253 
253 
253 
253 
253 
253 
253 
253 
253 
253 
253 
253 
253 
253 
253 
253 
253 
253 
253 
253 
253 
253 
253 
253 
253 
253 
253 
253 
253 
253 
253 
253 
254 
254 
254 
254 
254 
254 
254 
254 
254 
254 
254 
254 
254 
254 
254 
254 
254 
254 
254 
255 
255 
255 
255 
255 
255 
255 
255 
255 
255 
255 
255 
255 
255 
255 
255 
256 
256 
256 
256 
256 
256 
256 
256 
256 
256 
256 
256 
256 
256 
256 
256 
257 
257 
257 
257 
257 
257 
257 
257 
257 
257 
257 
257 
257 
257 
257 
257 
257 
258 
258 
258 
258 
258 
258 
258 
258 
258 
258 
258 
258 
258 
258 
258 
258 
258 
258 
258 
258 
258 
258 
258 
258 
258 
258 
258 
258 
258 
258 
258 
258 
258 
258 
258 
258 
258 
258 
258 
258 
258 
258 
258 
258 
258 
258 
258 
258 
258 
258 
258 
258 
258 
258 
258 
258 
258 
258 
258 
258 
258 
258 
257 
257 
257 
257 
257 
257 
257 
257 
257 
257 
257 
257 
257 
257 
257 
257 
257 
257 
256 
256 
256 
256 
256 
256 
256 
256 
256 
256 
256 
256 
256 
256 
256 
256 
255 
255 
255 
255 
255 
255 
255 
255 
255 
255 
255 
255 
255 
255 
254 
254 
254 
254 
254 
254 
254 
254 
254 
254 
254 
254 
254 
254 
254 
254 
254 
253 
253 
253 
253 
253 
253 
253 
253 
253 
253 
253 
253 
253 
253 
253 
253 
253 
253 
253 
253 
253 
253 
253 
253 
253 
253 
253 
253 
253 
253 
253 
253 
253 
253 
253 
253 
253 
253 
253 
253 
253 
253 
253 
253 
253 
253 
253 
253 
253 
253 
253 
253 
253 
253 
253 
253 
253 
254 
254 
254 
254 
254 
254 
254 
254 
254 
254 
254 
254 
254 
254 
254 
254 
254 
254 
254 
254 
254 
254 
255 
255 
255 
255 
255 
255 
255 
255 
255 
255 
255 
255 
255 
255 
255 
255 
255 
256 
256 
256 
256 
256 
256 
256 
256 
256 
256 
256 
256 
256 
256 
256 
256 
256 
257 
257 
257 
257 
257 
257 
257 
257 
257 
257 
257 
257 
257 
257 
257 
257 
257 
257 
257 
257 
258 
258 
258 
258 
258 
258 
258 
258 
258 
258 
258 
258 
258 
258 
258 
258 
258 
258 
258 
258 
258 
258 
258 
258 
258 
258 
258 
258 
258 
258 
258 
258 
258 
258 
258 
258 
258 
258 
258 
258 
258 
258 
258 
258 
258 
258 
258 
258 
258 
258 
258 
258 
258 
258 
257 
257 
257 
257 
257 
257 
257 
257 
257 
257 
257 
257 
257 
257 
257 
257 
257 
257 
257 
257 
257 
256 
256 
256 
256 
256 
256 
256 
256 
256 
256 
256 
256 
256 
256 
256 
256 
256 
255 
255 
255 
255 
255 
255 
255 
255 
255 
255 
255 
255 
255 
255 
255 
255 
254 
254 
254 
254 
254 
254 
254 
254 
254 
254 
254 
254 
254 
254 
254 
254 
254 
254 
254 
254 
254 
253 
253 
253 
253 
253 
253 
253 
253 
253 
253 
253 
253 
253 
253 
253 
253 
253 
253 
253 
253 
253 
253 
253 
253 
253 
253 
253 
253 
253 
253 
253 
253 
253 
253 
253 
253 
253 
253 
253 
253 
253 
253 
253 
254 
254 
254 
254 
254 
254 
254 
254 
254 
254 
254 
254 
254 
254 
254 
254 
254 
254 
254 
254 
254 
254 
254 
254 
254 
254 
254 
255 
255 
255 
255 
255 
255 
255 
255 
255 
255 
255 
255 
255 
255 
255 
255 
255 
255 
255 
255 
256 
256 
256 
256 
256 
256 
256 
256 
256 
256 
256 
256 
256 
256 
256 
256 
256 
256 
256 
257 
257 
257 
257 
257 
257 
257 
257 
257 
257 
257 
257 
257 
257 
257 
257 
257 
257 
257 
257 
257 
257 
257 
257 
257 
257 
258 
258 
258 
258 
258 
258 
258 
258 
258 
258 
258 
258 
258 
258 
258 
258 
258 
258 
258 
258 
258 
258 
258 
258 
258 
258 
258 
258 
258 
258 
258 
258 
258 
258 
258 
258 
257 
257 
257 
257 
257 
257 
257 
257 
257 
257 
257 
257 
257 
257 
257 
257 
257 
257 
257 
257 
257 
257 
257 
257 
257 
257 
257 
257 
256 
256 
256 
256 
256 
256 
256 
256 
256 
256 
256 
256 
256 
256 
256 
256 
256 
256 
256 
256 
255 
255 
255 
255 
255 
255 
255 
255 
255 
255 
255 
255 
255 
255 
255 
255 
255 
254 
254 
254 
254 
254 
254 
254 
254 
254 
254 
254 
254 
254 
254 
254 
254 
254 
254 
254 
254 
254 
254 
254 
254 
254 
254 
253 
253 
253 
253 
253 
253 
253 
253 
253 
253 
253 
253 
253 
253 
253 
253 
253 
253 
253 
253 
253 
253 
253 
253 
253 
253 
253 
253 
254 
254 
254 
254 
254 
254 
254 
254 
254 
254 
254 
254 
254 
254 
254 
254 
254 
254 
254 
254 
254 
254 
254 
254 
254 
254 
254 
254 
254 
254 
254 
254 
254 
254 
255 
255 
255 
255 
255 
255 
255 
255 
255 
255 
255 
255 
255 
255 
255 
255 
255 
255 
255 
255 
255 
255 
256 
256 
256 
256 
256 
256 
256 
256 
256 
256 
256 
256 
256 
256 
256 
256 
256 
256 
256 
256 
256 
257 
257 
257 
257 
257 
257 
257 
257 
257 
257 
257 
257 
257 
257 
257 
257 
257 
257 
257 
257 
257 
257 
257 
257 
257 
257 
257 
257 
257 
257 
257 
257 
258 
258 
258 
258 
258 
258 
258 
258 
258 
258 
258 
258 
258 
258 
257 
257 
257 
257 
257 
257 
257 
257 
257 
257 
257 
257 
257 
257 
257 
257 
257 
257 
257 
257 
257 
257 
257 
257 
257 
257 
257 
257 
257 
257 
257 
257 
257 
257 
257 
257 
257 
257 
257 
257 
257 
256 
256 
256 
256 
256 
256 
256 
256 
256 
256 
256 
256 
256 
256 
256 
256 
256 
256 
256 
256 
256 
255 
255 
255 
255 
255 
255 
255 
255 
255 
255 
255 
255 
255 
255 
255 
255 
255 
255 
255 
255 
254 
254 
254 
254 
254 
254 
254 
254 
254 
254 
254 
254 
254 
254 
254 
254 
254 
254 
254 
254 
254 
254 
254 
254 
254 
254 
254 
254 
254 
254 
254 
254 
254 
254 
254 
254 
254 
254 
254 
254 
254 
254 
254 
254 
254 
254 
254 
254 
254 
254 
254 
254 
254 
254 
254 
254 
254 
254 
254 
254 
254 
254 
254 
254 
254 
254 
254 
254 
254 
254 
254 
254 
254 
254 
254 
254 
254 
254 
254 
254 
254 
254 
255 
255 
255 
255 
255 
255 
255 
255 
255 
255 
255 
255 
255 
255 
255 
255 
255 
255 
255 
255 
255 
255 
255 
255 
255 
256 
256 
256 
256 
256 
256 
256 
256 
256 
256 
256 
256 
256 
256 
256 
256 
256 
256 
256 
256 
256 
256 
256 
256 
257 
257 
257 
257 
257 
257 
257 
257 
257 
257 
257 
257 
257 
257 
257 
257 
257 
257 
257 
257 
257 
257 
257 
257 
257 
257 
257 
257 
257 
257 
257 
257 
257 
257 
257 
257 
257 
257 
257 
257 
257 
257 
257 
257 
257 
257 
257 
257 
257 
257 
257 
257 
257 
257 
257 
257 
257 
257 
257 
257 
257 
257 
257 
257 
257 
257 
257 
257 
257 
257 
257 
257 
257 
257 
257 
257 
257 
257 
257 
257 
256 
256 
256 
256 
256 
256 
256 
256 
256 
256 
256 
256 
256 
256 
256 
256 
256 
256 
256 
256 
256 
256 
256 
256 
256 
255 
255 
255 
255 
255 
255 
255 
255 
255 
255 
255 
255 
255 
255 
255 
255 
255 
255 
255 
255 
255 
255 
254 
254 
254 
254 
254 
254 
254 
254 
254 
254 
254 
254 
254 
254 
254 
254 
254 
254 
254 
254 
254 
254 
254 
254 
254 
254 
254 
254 
254 
254 
254 
254 
254 
254 
254 
254 
254 
254 
254 
254 
254 
254 
254 
254 
254 
254 
254 
254 
254 
254 
254 
254 
254 
254 
254 
254 
254 
254 
254 
254 
254 
254 
254 
254 
254 
254 
254 
254 
254 
254 
254 
254 
254 
254 
254 
254 
254 
255 
255 
255 
255 
255 
255 
255 
255 
255 
255 
255 
255 
255 
255 
255 
255 
255 
255 
255 
255 
255 
255 
255 
255 
255 
255 
255 
255 
256 
256 
256 
256 
256 
256 
256 
256 
256 
256 
256 
256 
256 
256 
256 
256 
256 
256 
256 
256 
256 
256 
256 
256 
256 
256 
256 
257 
257 
257 
257 
257 
257 
257 
257 
257 
257 
257 
257 
257 
257 
257 
257 
257 
257 
257 
257 
257 
257 
257 
257 
257 
257 
257 
257 
257 
257 
257 
257 
257 
257 
257 
257 
257 
257 
257 
257 
257 
257 
257 
257 
257 
257 
257 
257 
257 
257 
257 
257 
257 
257 
257 
257 
257 
257 
257 
257 
257 
257 
257 
257 
257 
257 
257 
257 
257 
257 
257 
257 
257 
257 
257 
256 
256 
256 
256 
256 
256 
256 
256 
256 
256 
256 
256 
256 
256 
256 
256 
256 
256 
256 
256 
256 
256 
256 
256 
256 
256 
256 
255 
255 
255 
255 
255 
255 
255 
255 
255 
255 
255 
255 
255 
255 
255 
255 
255 
255 
255 
255 
255 
255 
255 
255 
255 
255 
254 
254 
254 
254 
254 
254 
254 
254 
254 
254 
254 
254 
254 
254 
254 
254 
254 
254 
254 
254 
254 
254 
254 
254 
254 
254 
254 
254 
254 
254 
254 
254 
254 
254 
254 
254 
254 
254 
254 
254 
254 
254 
254 
254 
254 
254 
254 
254 
254 
254 
254 
254 
254 
254 
254 
254 
254 
254 
254 
254 
254 
254 
254 
254 
254 
254 
254 
254 
254 
255 
255 
255 
255 
255 
255 
255 
255 
255 
255 
255 
255 
255 
255 
255 
255 
255 
255 
255 
255 
255 
255 
255 
255 
255 
255 
255 
255 
255 
255 
255 
255 
256 
256 
256 
256 
256 
256 
256 
256 
256 
256 
256 
256 
256 
256 
256 
256 
256 
256 
256 
256 
256 
256 
256 
256 
256 
256 
256 
256 
256 
256 
256 
257 
257 
257 
257 
257 
257 
257 
257 
257 
257 
257 
257 
257 
257 
257 
257 
257 
257 
257 
257 
257 
257 
257 
257 
257 
257 
257 
257 
257 
257 
257 
257 
257 
257 
257 
257 
257 
257 
257 
257 
257 
257 
257 
257 
257 
257 
257 
257 
257 
257 
257 
257 
257 
257 
257 
257 
257 
257 
257 
257 
257 
257 
257 
257 
257 
257 
256 
256 
256 
256 
256 
256 
256 
256 
256 
256 
256 
256 
256 
256 
256 
256 
256 
256 
256 
256 
256 
256 
256 
256 
256 
256 
256 
256 
256 
256 
256 
256 
255 
255 
255 
255 
255 
255 
255 
255 
255 
255 
255 
255 
255 
255 
255 
255 
255 
255 
255 
255 
255 
255 
255 
255 
255 
255 
255 
255 
255 
254 
254 
254 
254 
254 
254 
254 
254 
254 
254 
254 
254 
254 
254 
254 
254 
254 
254 
254 
254 
254 
254 
254 
254 
254 
254 
254 
254 
254 
254 
254 
254 
254 
254 
254 
254 
254 
254 
254 
254 
254 
254 
254 
254 
254 
254 
254 
254 
254 
254 
254 
254 
254 
254 
254 
254 
254 
254 
254 
254 
254 
255 
255 
255 
255 
255 
255 
255 
255 
255 
255 
255 
255 
255 
255 
255 
255 
255 
255 
255 
255 
255 
255 
255 
255 
255 
255 
255 
255 
255 
255 
255 
255 
255 
255 
255 
255 
255 
256 
256 
256 
256 
256 
256 
256 
256 
256 
256 
256 
256 
256 
256 
256 
256 
256 
256 
256 
256 
256 
256 
256 
256 
256 
256 
256 
256 
256 
256 
256 
256 
256 
256 
256 
257 
257 
257 
257 
257 
257 
257 
257 
257 
257 
257 
257 
257 
257 
257 
257 
257 
257 
257 
257 
257 
257 
257 
257 
257 
257 
257 
257 
257 
257 
257 
257 
257 
257 
257 
257 
257 
257 
257 
257 
257 
257 
257 
257 
257 
257 
257 
257 
257 
257 
257 
257 
257 
257 
257 
257 
257 
257 
256 
256 
256 
256 
256 
256 
256 
256 
256 
256 
256 
256 
256 
256 
256 
256 
256 
256 
256 
256 
256 
256 
256 
256 
256 
256 
256 
256 
256 
256 
256 
256 
256 
256 
256 
256 
255 
255 
255 
255 
255 
255 
255 
255 
255 
255 
255 
255 
255 
255 
255 
255 
255 
255 
255 
255 
255 
255 
255 
255 
255 
255 
255 
255 
255 
255 
255 
255 
255 
255 
255 
254 
254 
254 
254 
254 
254 
254 
254 
254 
254 
254 
254 
254 
254 
254 
254 
254 
254 
254 
254 
254 
254 
254 
254 
254 
254 
254 
254 
254 
254 
254 
254 
255 
255 
255 
255 
255 
255 
255 
255 
255 
255 
255 
255 
255 
255 
255 
255 
255 
255 
255 
255 
255 
255 
255 
255 
255 
255 
255 
255 
255 
255 
255 
255 
255 
255 
255 
255 
255 
255 
255 
255 
255 
255 
255 
255 
255 
255 
255 
255 
255 
255 
255 
255 
255 
255 
255 
255 
255 
255 
255 
255 
255 
255 
255 
255 
255 
255 
255 
255 
255 
255 
255 
255 
255 
255 
255 
255 
255 
255 
255 
255 
255 
255 
255 
255 
255 
255 
255 
255 
255 
255 
255 
255 
255 
255 
255 
255 
255 
255 
255 
255 
255 
255 
255 
255 
255 
255 
255 
255 
255 
255 
255 
255 
255 
255 
255 
255 
255 
255 
255 
255 
255 
255 
255 
255 
255 
255 
255 
255 
255 
255 
255 
255 
255 
255 
255 
255 
255 
255 
255 
255 
255 
255 
255 
255 
255 
255 
255 
255 
255 
255 
255 
255 
255 
255 
255 
255 
255 
255 
255 
255 
255 
255 
255 
255 
255 
255 
255 
255 
255 
255 
255 
255 
255 
