252 
248 
245 
242 
236 
230 
223 
214 
203 
188 
167 
145 
116 
80 
48 
19 
18 
79 
186 
272 
316 
304 
237 
192 
152 
112 
77 
51 
33 
20 
14 
12 
15 
19 
34 
41 
48 
53 
59 
64 
69 
72 
76 
78 
80 
82 
80 
78 
76 
72 
70 
69 
65 
64 
63 
59 
58 
56 
55 
53 
51 
51 
48 
47 
45 
44 
41 
41 
40 
39 
37 
35 
35 
34 
34 
33 
32 
30 
30 
28 
29 
28 
27 
26 
26 
25 
24 
24 
24 
23 
23 
23 
22 
22 
22 
22 
21 
21 
30 
30 
30 
30 
30 
30 
30 
31 
31 
31 
31 
31 
32 
32 
32 
33 
33 
33 
34 
34 
34 
34 
35 
36 
36 
37 
37 
38 
39 
40 
40 
42 
50 
51 
51 
52 
54 
54 
55 
56 
56 
57 
58 
59 
60 
61 
63 
63 
64 
64 
66 
67 
68 
70 
71 
72 
73 
74 
75 
75 
76 
78 
80 
81 
89 
91 
92 
94 
95 
95 
96 
98 
98 
100 
102 
103 
105 
107 
107 
108 
111 
113 
115 
116 
118 
118 
120 
122 
122 
124 
126 
128 
130 
130 
132 
134 
137 
139 
141 
141 
143 
145 
148 
150 
150 
152 
154 
156 
156 
158 
160 
163 
165 
165 
168 
170 
173 
175 
177 
177 
180 
182 
185 
185 
187 
190 
192 
195 
197 
200 
202 
205 
205 
207 
210 
212 
214 
214 
216 
218 
221 
223 
223 
226 
228 
231 
233 
233 
236 
238 
241 
244 
246 
246 
249 
251 
254 
256 
256 
259 
261 
264 
266 
269 
271 
274 
276 
279 
281 
284 
287 
290 
292 
295 
297 
300 
302 
305 
307 
309 
312 
314 
317 
319 
322 
324 
326 
329 
331 
333 
336 
338 
338 
340 
341 
344 
347 
349 
351 
353 
355 
357 
359 
361 
363 
365 
368 
369 
371 
373 
375 
378 
380 
382 
384 
386 
388 
389 
391 
393 
395 
397 
398 
400 
402 
404 
406 
407 
409 
411 
412 
413 
415 
417 
418 
419 
421 
422 
424 
425 
427 
428 
430 
431 
432 
433 
434 
436 
437 
438 
439 
440 
441 
442 
443 
444 
437 
438 
438 
439 
440 
441 
441 
442 
444 
443 
445 
444 
445 
446 
447 
447 
448 
448 
448 
449 
449 
449 
449 
450 
450 
450 
450 
450 
450 
450 
450 
450 
441 
441 
441 
441 
441 
442 
440 
440 
440 
439 
439 
439 
438 
438 
438 
437 
437 
436 
435 
435 
434 
434 
433 
433 
432 
431 
430 
430 
429 
427 
426 
426 
417 
416 
416 
415 
414 
413 
412 
411 
410 
409 
408 
407 
405 
403 
402 
401 
400 
399 
397 
396 
394 
393 
392 
390 
389 
388 
386 
385 
383 
382 
380 
379 
378 
375 
373 
372 
370 
368 
367 
365 
363 
362 
360 
358 
357 
355 
353 
351 
350 
348 
346 
344 
341 
340 
338 
336 
334 
332 
330 
328 
326 
324 
322 
320 
316 
314 
312 
310 
308 
306 
304 
302 
300 
298 
296 
294 
292 
290 
288 
285 
283 
281 
279 
277 
275 
273 
271 
269 
267 
265 
263 
261 
259 
257 
255 
251 
249 
247 
245 
243 
241 
239 
237 
235 
231 
229 
227 
225 
223 
221 
219 
217 
215 
211 
210 
207 
206 
204 
202 
200 
198 
197 
195 
191 
189 
187 
185 
183 
185 
183 
181 
180 
178 
175 
173 
171 
170 
168 
166 
165 
163 
162 
160 
159 
157 
154 
153 
152 
151 
149 
148 
146 
145 
144 
142 
141 
140 
137 
136 
135 
134 
132 
131 
130 
129 
128 
126 
125 
124 
123 
122 
121 
119 
118 
117 
117 
116 
116 
115 
114 
113 
113 
112 
111 
110 
109 
109 
108 
108 
107 
107 
106 
112 
111 
111 
110 
110 
109 
109 
109 
108 
108 
108 
108 
107 
107 
107 
107 
107 
107 
107 
107 
107 
107 
106 
107 
107 
107 
107 
107 
107 
107 
107 
108 
115 
115 
115 
115 
116 
115 
115 
116 
117 
117 
117 
117 
119 
120 
119 
120 
120 
121 
121 
121 
122 
123 
123 
124 
125 
126 
126 
127 
128 
129 
129 
130 
137 
138 
138 
139 
140 
141 
142 
143 
144 
145 
145 
146 
147 
148 
149 
149 
150 
152 
154 
155 
156 
156 
157 
158 
160 
161 
161 
162 
163 
164 
166 
167 
168 
170 
171 
173 
174 
175 
177 
177 
178 
180 
181 
182 
184 
185 
187 
188 
190 
191 
193 
194 
194 
196 
197 
199 
200 
202 
203 
205 
207 
208 
210 
210 
213 
214 
216 
217 
219 
220 
222 
223 
225 
227 
227 
228 
230 
231 
233 
235 
236 
238 
240 
241 
241 
243 
244 
246 
248 
249 
251 
253 
254 
256 
256 
258 
259 
261 
262 
264 
266 
267 
269 
271 
272 
274 
275 
277 
279 
280 
282 
284 
285 
287 
288 
290 
291 
294 
296 
297 
299 
300 
302 
303 
305 
306 
308 
309 
309 
310 
312 
313 
314 
316 
317 
318 
320 
321 
322 
324 
325 
327 
328 
329 
330 
332 
333 
334 
335 
337 
338 
339 
340 
341 
344 
345 
346 
347 
348 
349 
350 
351 
352 
353 
354 
355 
357 
357 
358 
359 
360 
361 
362 
363 
364 
365 
365 
366 
367 
368 
369 
370 
370 
371 
372 
372 
374 
374 
374 
375 
377 
377 
372 
372 
373 
373 
374 
374 
375 
375 
377 
376 
376 
377 
378 
378 
378 
378 
379 
378 
378 
379 
379 
380 
380 
380 
380 
380 
381 
381 
381 
381 
381 
381 
375 
375 
374 
374 
374 
375 
374 
375 
374 
373 
373 
373 
373 
372 
372 
372 
372 
371 
371 
371 
370 
370 
369 
369 
368 
368 
368 
367 
367 
366 
365 
365 
360 
359 
359 
358 
358 
357 
356 
356 
355 
354 
354 
353 
352 
351 
351 
350 
349 
348 
347 
347 
346 
345 
344 
343 
341 
340 
339 
338 
338 
336 
336 
335 
334 
333 
332 
331 
329 
328 
327 
326 
325 
324 
323 
322 
321 
320 
318 
317 
316 
315 
314 
313 
312 
310 
309 
308 
307 
305 
304 
303 
302 
300 
299 
298 
294 
294 
292 
291 
290 
288 
286 
285 
284 
283 
281 
280 
279 
277 
276 
275 
274 
272 
271 
270 
268 
267 
266 
264 
263 
262 
260 
259 
258 
256 
255 
253 
251 
250 
249 
247 
246 
245 
243 
242 
239 
238 
237 
236 
234 
233 
232 
230 
229 
227 
225 
224 
223 
222 
220 
219 
218 
217 
216 
214 
213 
211 
210 
209 
208 
206 
206 
204 
203 
201 
200 
199 
198 
197 
196 
194 
193 
192 
191 
190 
189 
187 
186 
185 
184 
183 
182 
181 
180 
179 
178 
178 
177 
175 
174 
173 
176 
175 
174 
174 
173 
172 
171 
171 
170 
170 
169 
168 
167 
166 
166 
165 
164 
164 
163 
163 
162 
162 
161 
161 
160 
160 
160 
159 
159 
158 
158 
158 
157 
157 
157 
156 
156 
156 
155 
156 
155 
155 
155 
155 
155 
154 
154 
155 
155 
155 
155 
154 
154 
154 
154 
154 
154 
155 
155 
155 
155 
155 
155 
156 
156 
156 
156 
156 
157 
156 
156 
156 
157 
157 
157 
157 
158 
158 
159 
159 
159 
160 
160 
160 
161 
161 
162 
162 
163 
163 
164 
164 
165 
165 
166 
166 
167 
168 
168 
169 
170 
170 
171 
172 
173 
173 
173 
174 
175 
176 
176 
177 
178 
179 
180 
181 
181 
182 
183 
184 
185 
186 
186 
187 
188 
189 
190 
191 
194 
195 
196 
197 
198 
199 
200 
200 
201 
202 
203 
204 
204 
206 
207 
207 
209 
210 
210 
212 
211 
213 
215 
215 
216 
217 
218 
219 
220 
221 
223 
223 
224 
225 
226 
227 
228 
230 
231 
232 
233 
234 
234 
235 
237 
238 
239 
240 
241 
243 
244 
245 
245 
246 
247 
249 
250 
251 
252 
253 
255 
256 
256 
257 
258 
259 
260 
262 
263 
264 
265 
266 
267 
268 
270 
271 
272 
273 
274 
275 
276 
278 
279 
280 
281 
282 
283 
284 
285 
286 
288 
290 
291 
292 
293 
294 
295 
296 
297 
298 
299 
300 
301 
302 
303 
304 
305 
306 
307 
308 
309 
310 
311 
312 
313 
314 
315 
316 
316 
317 
318 
319 
320 
321 
322 
323 
323 
324 
322 
323 
324 
324 
325 
326 
327 
327 
328 
329 
329 
330 
330 
331 
332 
332 
333 
333 
334 
335 
335 
336 
336 
337 
337 
338 
339 
339 
339 
340 
340 
341 
342 
341 
343 
343 
343 
344 
344 
344 
345 
345 
345 
345 
346 
346 
346 
346 
347 
347 
347 
347 
347 
347 
347 
348 
348 
348 
348 
348 
348 
348 
348 
348 
348 
348 
348 
348 
348 
348 
347 
347 
347 
347 
347 
347 
346 
346 
346 
346 
346 
345 
345 
345 
344 
344 
344 
344 
342 
342 
341 
342 
341 
340 
340 
339 
339 
338 
338 
338 
337 
336 
336 
336 
335 
334 
334 
333 
333 
332 
331 
331 
330 
330 
329 
328 
327 
327 
326 
325 
325 
324 
323 
322 
322 
321 
320 
319 
316 
315 
314 
314 
313 
312 
311 
310 
309 
309 
308 
307 
306 
305 
304 
303 
303 
302 
301 
300 
299 
298 
297 
296 
295 
294 
293 
292 
291 
290 
288 
288 
286 
285 
284 
283 
282 
281 
280 
279 
278 
277 
276 
275 
274 
273 
272 
271 
270 
269 
268 
267 
266 
265 
264 
263 
262 
261 
259 
258 
257 
256 
255 
253 
252 
251 
250 
249 
248 
247 
246 
245 
243 
241 
240 
239 
238 
237 
236 
235 
234 
232 
231 
230 
229 
228 
227 
226 
225 
224 
223 
221 
220 
219 
218 
217 
216 
215 
215 
214 
213 
212 
211 
210 
209 
208 
207 
206 
206 
205 
204 
203 
202 
201 
200 
199 
198 
197 
197 
196 
195 
194 
194 
193 
192 
191 
190 
189 
192 
191 
190 
190 
189 
189 
188 
187 
187 
186 
186 
185 
184 
184 
183 
183 
182 
182 
182 
181 
181 
180 
180 
180 
179 
179 
178 
178 
178 
177 
177 
177 
177 
176 
176 
176 
175 
175 
175 
175 
175 
175 
174 
174 
174 
174 
174 
174 
174 
174 
174 
174 
174 
174 
174 
174 
174 
174 
174 
174 
174 
174 
174 
174 
175 
175 
175 
175 
175 
175 
175 
176 
176 
176 
177 
177 
177 
177 
178 
178 
178 
179 
179 
179 
179 
180 
180 
181 
181 
181 
182 
182 
183 
183 
184 
184 
185 
185 
186 
186 
187 
187 
188 
188 
189 
189 
189 
190 
191 
191 
192 
193 
193 
194 
195 
195 
196 
197 
197 
198 
199 
200 
200 
200 
201 
202 
202 
203 
206 
207 
207 
209 
209 
210 
210 
211 
211 
212 
212 
213 
214 
215 
216 
217 
217 
218 
219 
220 
220 
221 
222 
223 
224 
225 
225 
226 
227 
228 
229 
229 
230 
231 
232 
233 
234 
235 
236 
236 
237 
238 
238 
239 
240 
241 
242 
243 
244 
245 
246 
247 
247 
248 
249 
250 
251 
252 
253 
254 
255 
256 
256 
257 
258 
259 
259 
260 
261 
262 
263 
264 
265 
266 
267 
268 
269 
270 
271 
271 
272 
273 
274 
275 
276 
277 
278 
279 
280 
280 
281 
282 
283 
284 
285 
286 
286 
288 
288 
289 
291 
291 
292 
293 
294 
295 
296 
297 
297 
298 
299 
300 
300 
301 
302 
303 
303 
304 
305 
306 
306 
307 
308 
308 
309 
310 
310 
311 
309 
310 
310 
311 
312 
312 
313 
313 
314 
315 
315 
316 
316 
317 
317 
318 
318 
318 
319 
319 
320 
320 
321 
321 
322 
322 
322 
323 
323 
323 
324 
324 
324 
325 
325 
325 
326 
326 
326 
326 
327 
327 
327 
327 
327 
328 
328 
328 
328 
328 
328 
329 
329 
329 
329 
329 
329 
329 
329 
329 
329 
329 
329 
329 
329 
329 
329 
329 
329 
329 
329 
329 
329 
328 
328 
328 
328 
328 
328 
328 
327 
327 
327 
327 
327 
326 
326 
326 
325 
325 
325 
325 
324 
324 
324 
323 
323 
322 
322 
322 
321 
321 
321 
320 
320 
319 
319 
318 
318 
317 
317 
316 
316 
315 
315 
314 
314 
313 
313 
312 
311 
311 
310 
310 
309 
308 
308 
307 
304 
304 
303 
303 
302 
301 
301 
300 
299 
298 
298 
297 
296 
296 
295 
294 
294 
293 
292 
291 
291 
289 
288 
287 
288 
286 
285 
284 
284 
283 
282 
281 
280 
280 
279 
278 
277 
276 
275 
275 
274 
273 
272 
271 
271 
270 
269 
268 
267 
266 
265 
265 
264 
263 
262 
261 
260 
260 
259 
258 
257 
256 
255 
254 
253 
252 
251 
250 
249 
248 
248 
247 
245 
244 
243 
243 
242 
241 
240 
239 
238 
237 
236 
235 
234 
233 
233 
232 
231 
230 
229 
228 
227 
226 
226 
225 
224 
223 
223 
222 
221 
220 
219 
218 
217 
217 
216 
215 
215 
215 
213 
212 
212 
211 
211 
210 
210 
209 
207 
208 
207 
206 
206 
205 
205 
204 
202 
203 
204 
204 
203 
203 
202 
202 
201 
201 
200 
200 
200 
199 
198 
198 
198 
197 
197 
197 
196 
196 
196 
195 
195 
195 
194 
194 
194 
193 
193 
193 
193 
192 
192 
192 
192 
191 
191 
191 
191 
191 
191 
191 
190 
190 
190 
190 
190 
190 
190 
190 
190 
190 
190 
190 
190 
190 
190 
190 
190 
190 
190 
190 
190 
190 
191 
191 
191 
191 
191 
191 
191 
191 
192 
192 
192 
192 
192 
193 
193 
193 
194 
194 
194 
194 
194 
195 
195 
195 
196 
196 
196 
197 
197 
197 
198 
198 
199 
198 
199 
200 
200 
201 
201 
202 
202 
203 
203 
203 
204 
204 
205 
204 
205 
206 
207 
207 
208 
208 
209 
209 
210 
211 
211 
211 
212 
211 
212 
213 
216 
216 
216 
217 
218 
218 
219 
219 
220 
220 
221 
222 
222 
223 
223 
224 
225 
226 
226 
227 
227 
228 
228 
229 
230 
231 
231 
232 
233 
233 
234 
234 
235 
236 
236 
237 
238 
239 
239 
240 
241 
242 
242 
242 
243 
244 
245 
246 
246 
247 
248 
249 
249 
249 
250 
251 
252 
253 
253 
254 
255 
256 
256 
256 
257 
258 
259 
259 
260 
261 
262 
262 
263 
264 
265 
265 
266 
267 
268 
268 
269 
270 
271 
271 
272 
273 
273 
274 
275 
276 
276 
277 
278 
278 
279 
280 
280 
281 
282 
282 
283 
284 
284 
285 
286 
286 
288 
288 
289 
290 
291 
291 
292 
292 
293 
294 
294 
295 
295 
296 
297 
297 
298 
298 
299 
299 
300 
300 
299 
300 
300 
300 
301 
301 
302 
302 
303 
303 
304 
304 
304 
305 
305 
306 
306 
306 
307 
307 
307 
308 
308 
309 
309 
309 
309 
310 
310 
310 
311 
311 
311 
312 
312 
312 
312 
312 
313 
313 
313 
313 
313 
313 
314 
314 
314 
314 
314 
314 
314 
315 
315 
315 
315 
315 
315 
315 
315 
315 
315 
315 
315 
315 
315 
315 
315 
315 
315 
315 
315 
315 
315 
314 
314 
314 
314 
314 
314 
314 
314 
313 
313 
313 
313 
313 
312 
312 
312 
312 
312 
311 
311 
311 
310 
310 
310 
310 
309 
309 
309 
308 
308 
308 
307 
307 
307 
306 
306 
305 
305 
305 
304 
304 
303 
303 
303 
302 
302 
301 
301 
300 
300 
299 
299 
298 
298 
297 
295 
295 
294 
294 
293 
291 
292 
290 
291 
289 
290 
289 
289 
288 
286 
286 
285 
285 
284 
284 
283 
282 
282 
281 
281 
280 
279 
279 
278 
277 
277 
276 
276 
275 
274 
274 
273 
272 
272 
271 
270 
270 
269 
268 
268 
267 
266 
266 
265 
264 
264 
263 
262 
262 
261 
260 
259 
259 
258 
257 
257 
256 
255 
254 
253 
253 
252 
251 
251 
250 
249 
248 
247 
246 
246 
245 
244 
244 
243 
242 
242 
240 
240 
239 
238 
238 
237 
236 
236 
235 
235 
233 
233 
232 
231 
231 
230 
230 
229 
228 
228 
227 
226 
225 
225 
224 
224 
223 
223 
222 
221 
221 
220 
219 
219 
218 
218 
217 
217 
216 
216 
215 
216 
214 
214 
213 
212 
212 
214 
213 
213 
213 
213 
212 
211 
212 
211 
211 
210 
210 
209 
209 
209 
209 
208 
207 
208 
208 
207 
207 
207 
207 
206 
206 
205 
206 
206 
205 
205 
205 
205 
205 
204 
204 
204 
204 
204 
204 
203 
203 
203 
203 
203 
203 
203 
203 
203 
203 
203 
203 
203 
203 
202 
202 
203 
203 
203 
203 
203 
203 
203 
203 
203 
203 
204 
204 
204 
204 
204 
204 
204 
205 
205 
205 
205 
205 
205 
206 
206 
206 
206 
205 
206 
207 
207 
207 
207 
208 
208 
208 
209 
209 
209 
209 
210 
209 
209 
211 
210 
212 
212 
211 
213 
213 
212 
212 
213 
214 
214 
214 
215 
215 
215 
216 
216 
217 
217 
218 
218 
219 
219 
219 
220 
220 
221 
221 
223 
223 
224 
225 
225 
226 
226 
226 
227 
227 
228 
228 
229 
229 
230 
230 
231 
231 
232 
232 
232 
233 
234 
234 
235 
235 
236 
237 
237 
238 
238 
238 
239 
240 
240 
241 
241 
242 
243 
243 
244 
244 
244 
245 
246 
246 
247 
247 
248 
249 
249 
250 
250 
251 
251 
252 
253 
253 
254 
254 
255 
256 
256 
256 
257 
257 
258 
259 
259 
260 
260 
261 
262 
262 
263 
263 
264 
265 
265 
266 
266 
267 
268 
268 
269 
269 
270 
270 
271 
272 
272 
273 
273 
274 
274 
275 
276 
276 
277 
277 
278 
278 
279 
279 
280 
280 
281 
281 
282 
282 
283 
283 
284 
284 
285 
285 
286 
286 
288 
287 
288 
289 
289 
290 
290 
291 
291 
292 
291 
291 
292 
292 
292 
293 
293 
293 
294 
294 
294 
294 
295 
296 
296 
296 
296 
297 
297 
297 
298 
298 
298 
298 
299 
299 
299 
299 
300 
300 
300 
300 
301 
301 
301 
301 
301 
302 
302 
302 
302 
302 
302 
302 
303 
303 
303 
303 
303 
303 
303 
303 
303 
303 
303 
304 
304 
304 
304 
304 
304 
304 
304 
304 
304 
304 
304 
304 
304 
304 
303 
303 
303 
303 
303 
303 
303 
303 
303 
303 
303 
302 
302 
302 
302 
302 
302 
301 
301 
301 
301 
301 
300 
300 
300 
300 
300 
299 
299 
299 
299 
298 
298 
298 
297 
297 
297 
297 
296 
296 
296 
295 
295 
295 
294 
294 
294 
293 
293 
292 
292 
292 
291 
290 
291 
289 
289 
288 
287 
286 
286 
285 
285 
284 
284 
284 
283 
283 
282 
282 
281 
281 
280 
280 
280 
279 
279 
278 
278 
277 
277 
276 
276 
275 
275 
274 
274 
273 
273 
272 
272 
271 
271 
270 
270 
269 
268 
268 
267 
267 
266 
266 
265 
265 
264 
264 
263 
263 
262 
261 
261 
260 
260 
259 
259 
258 
258 
257 
256 
256 
255 
254 
254 
253 
253 
252 
251 
251 
250 
250 
249 
248 
248 
247 
247 
246 
245 
245 
244 
243 
243 
242 
242 
241 
241 
240 
240 
239 
239 
238 
237 
237 
236 
236 
235 
235 
234 
234 
233 
232 
232 
231 
231 
230 
230 
229 
229 
229 
228 
228 
227 
226 
226 
226 
225 
225 
224 
224 
223 
223 
223 
222 
222 
221 
221 
220 
222 
221 
221 
221 
220 
220 
220 
219 
219 
219 
219 
218 
218 
218 
217 
217 
217 
217 
216 
216 
216 
216 
216 
215 
216 
215 
215 
215 
214 
214 
215 
214 
214 
215 
214 
213 
213 
214 
214 
213 
213 
214 
213 
213 
213 
213 
213 
213 
213 
213 
213 
212 
213 
213 
212 
212 
212 
213 
213 
213 
213 
212 
212 
214 
213 
213 
214 
214 
214 
213 
214 
213 
214 
214 
214 
214 
214 
214 
214 
215 
215 
215 
215 
215 
215 
215 
216 
216 
216 
216 
216 
217 
217 
217 
217 
218 
218 
218 
218 
219 
219 
219 
220 
220 
220 
220 
220 
221 
221 
222 
222 
222 
223 
223 
223 
224 
224 
224 
225 
225 
225 
226 
226 
226 
227 
227 
227 
228 
229 
230 
230 
231 
231 
231 
232 
232 
232 
233 
233 
233 
234 
234 
235 
235 
236 
236 
237 
237 
237 
237 
238 
238 
239 
239 
240 
240 
241 
241 
242 
242 
242 
243 
243 
244 
244 
245 
245 
246 
246 
247 
247 
247 
248 
248 
249 
249 
250 
250 
251 
251 
251 
252 
252 
253 
253 
254 
254 
255 
255 
256 
256 
256 
257 
257 
258 
258 
259 
259 
260 
260 
260 
261 
261 
262 
262 
263 
263 
264 
264 
265 
265 
266 
266 
267 
267 
268 
268 
269 
269 
269 
270 
270 
271 
271 
272 
272 
273 
273 
273 
274 
274 
275 
275 
276 
276 
276 
277 
277 
278 
278 
278 
279 
279 
280 
280 
280 
281 
281 
281 
282 
282 
283 
283 
283 
284 
284 
283 
283 
284 
284 
284 
285 
285 
285 
285 
286 
286 
286 
287 
287 
287 
288 
288 
288 
288 
288 
289 
290 
289 
289 
290 
290 
290 
291 
291 
291 
292 
292 
291 
292 
292 
292 
293 
293 
293 
293 
293 
293 
293 
293 
294 
294 
294 
294 
294 
294 
294 
294 
294 
294 
293 
294 
294 
294 
294 
294 
294 
294 
294 
294 
294 
294 
294 
294 
294 
294 
294 
294 
294 
294 
294 
294 
294 
294 
294 
294 
294 
293 
293 
293 
293 
293 
293 
293 
292 
292 
291 
292 
292 
292 
292 
290 
291 
290 
290 
290 
289 
289 
289 
289 
288 
288 
289 
289 
288 
287 
287 
287 
286 
286 
286 
286 
285 
285 
285 
284 
284 
284 
284 
283 
283 
283 
282 
282 
281 
280 
280 
280 
279 
279 
279 
278 
278 
277 
277 
277 
276 
276 
276 
275 
275 
274 
274 
274 
273 
273 
273 
272 
272 
271 
271 
271 
270 
270 
269 
269 
268 
268 
268 
267 
267 
266 
266 
266 
265 
265 
264 
264 
263 
263 
262 
262 
262 
261 
261 
260 
260 
259 
259 
259 
258 
258 
257 
257 
256 
256 
255 
254 
254 
254 
253 
253 
252 
252 
251 
251 
250 
250 
249 
249 
248 
248 
247 
247 
247 
246 
245 
245 
244 
244 
244 
243 
243 
242 
242 
241 
241 
240 
240 
239 
239 
239 
238 
238 
237 
237 
236 
236 
236 
235 
235 
234 
234 
234 
233 
233 
233 
232 
232 
231 
231 
231 
230 
230 
230 
229 
229 
229 
229 
228 
228 
227 
228 
228 
228 
227 
227 
227 
227 
226 
226 
226 
226 
226 
225 
225 
225 
225 
224 
224 
224 
224 
224 
223 
223 
223 
223 
223 
223 
223 
222 
222 
222 
222 
222 
222 
222 
222 
221 
221 
221 
221 
221 
221 
221 
221 
221 
221 
221 
221 
221 
221 
221 
221 
221 
221 
221 
221 
221 
221 
221 
221 
221 
221 
221 
221 
221 
221 
221 
221 
221 
221 
221 
222 
222 
222 
222 
222 
222 
222 
222 
223 
223 
223 
223 
223 
223 
223 
223 
224 
224 
224 
224 
224 
224 
225 
225 
225 
225 
226 
226 
226 
226 
226 
227 
227 
227 
227 
227 
228 
228 
228 
228 
229 
229 
229 
230 
230 
230 
230 
231 
231 
231 
232 
232 
232 
232 
232 
233 
233 
234 
235 
235 
235 
236 
236 
236 
236 
237 
237 
237 
238 
238 
238 
239 
239 
239 
240 
240 
241 
241 
241 
241 
242 
242 
242 
243 
243 
244 
244 
244 
244 
245 
245 
246 
246 
246 
247 
247 
247 
248 
248 
248 
249 
249 
249 
250 
250 
251 
251 
252 
252 
252 
252 
253 
253 
254 
254 
254 
255 
255 
256 
256 
256 
256 
257 
257 
258 
258 
258 
259 
259 
260 
260 
260 
261 
261 
261 
262 
262 
263 
263 
263 
264 
264 
264 
265 
265 
266 
266 
266 
267 
267 
267 
268 
268 
269 
269 
269 
270 
270 
270 
271 
271 
271 
272 
272 
272 
273 
273 
273 
274 
274 
274 
275 
275 
275 
276 
276 
276 
276 
277 
277 
277 
278 
278 
278 
278 
278 
278 
278 
278 
279 
279 
279 
279 
280 
280 
280 
280 
281 
281 
281 
281 
281 
282 
282 
282 
282 
282 
282 
283 
283 
283 
283 
283 
283 
284 
284 
284 
284 
284 
284 
284 
285 
285 
285 
285 
285 
285 
285 
285 
285 
285 
285 
286 
286 
286 
286 
286 
286 
286 
286 
286 
286 
286 
286 
286 
286 
286 
286 
286 
286 
286 
286 
286 
286 
286 
286 
286 
286 
286 
286 
286 
286 
285 
285 
285 
285 
285 
285 
285 
285 
285 
285 
285 
284 
284 
284 
284 
284 
284 
284 
284 
283 
283 
283 
283 
283 
283 
282 
282 
282 
282 
282 
281 
281 
281 
281 
281 
280 
280 
280 
280 
280 
279 
279 
279 
279 
278 
278 
278 
278 
277 
277 
277 
276 
275 
275 
275 
275 
274 
274 
274 
273 
273 
273 
273 
272 
272 
272 
271 
271 
271 
270 
270 
270 
270 
269 
269 
269 
268 
268 
268 
267 
267 
267 
266 
266 
266 
265 
265 
265 
264 
264 
264 
263 
263 
263 
262 
262 
261 
261 
261 
260 
260 
260 
259 
259 
259 
258 
258 
258 
257 
257 
256 
256 
256 
255 
255 
254 
254 
254 
253 
253 
253 
252 
252 
251 
251 
250 
250 
250 
249 
249 
249 
248 
248 
247 
247 
247 
246 
246 
246 
245 
245 
245 
244 
244 
243 
243 
243 
242 
242 
242 
241 
241 
240 
240 
240 
239 
239 
239 
239 
238 
238 
238 
237 
237 
237 
236 
236 
236 
236 
235 
235 
235 
234 
234 
234 
234 
233 
233 
233 
234 
233 
233 
233 
233 
233 
232 
232 
232 
232 
232 
231 
231 
231 
231 
231 
230 
230 
230 
230 
230 
230 
230 
229 
229 
229 
229 
229 
229 
229 
229 
229 
228 
228 
228 
228 
228 
228 
228 
228 
228 
228 
228 
228 
228 
228 
228 
228 
228 
227 
227 
227 
227 
227 
227 
227 
227 
228 
228 
228 
228 
228 
228 
228 
228 
228 
228 
228 
228 
228 
228 
228 
228 
228 
228 
229 
229 
229 
229 
229 
229 
229 
229 
229 
229 
230 
230 
230 
230 
230 
230 
230 
230 
231 
231 
231 
231 
231 
231 
232 
232 
232 
232 
232 
233 
233 
233 
233 
233 
233 
234 
234 
234 
234 
235 
235 
235 
235 
236 
236 
236 
236 
236 
236 
237 
237 
237 
238 
239 
239 
239 
239 
240 
240 
240 
240 
240 
241 
241 
241 
241 
242 
242 
242 
243 
243 
243 
243 
243 
244 
244 
244 
245 
245 
245 
246 
246 
246 
247 
247 
247 
247 
247 
248 
248 
248 
249 
249 
249 
250 
250 
250 
250 
251 
251 
251 
252 
252 
252 
253 
253 
253 
253 
254 
254 
254 
255 
255 
255 
256 
256 
256 
256 
257 
257 
257 
257 
258 
258 
258 
259 
259 
259 
260 
260 
260 
261 
261 
261 
262 
262 
262 
262 
263 
263 
263 
264 
264 
264 
265 
265 
265 
265 
266 
266 
266 
267 
267 
267 
267 
268 
268 
268 
269 
269 
269 
269 
270 
270 
270 
270 
271 
271 
271 
271 
272 
272 
272 
272 
273 
273 
273 
273 
274 
274 
274 
273 
274 
274 
274 
274 
274 
275 
275 
275 
275 
275 
275 
276 
276 
276 
276 
276 
276 
277 
277 
277 
277 
277 
277 
278 
278 
278 
278 
278 
278 
278 
278 
279 
279 
279 
279 
279 
279 
279 
279 
279 
279 
279 
279 
280 
280 
280 
280 
280 
280 
280 
280 
280 
280 
280 
280 
280 
280 
280 
280 
280 
280 
280 
280 
280 
280 
280 
280 
280 
280 
280 
280 
280 
280 
280 
280 
280 
280 
280 
280 
280 
279 
279 
279 
279 
279 
279 
279 
279 
279 
279 
279 
278 
278 
278 
278 
278 
278 
278 
278 
277 
277 
277 
277 
277 
277 
277 
276 
276 
276 
276 
276 
276 
275 
275 
275 
275 
275 
274 
274 
274 
274 
274 
273 
273 
273 
273 
273 
272 
272 
271 
271 
271 
271 
270 
270 
270 
270 
269 
269 
269 
269 
269 
268 
268 
268 
268 
267 
267 
267 
267 
266 
266 
266 
266 
265 
265 
265 
264 
264 
264 
264 
263 
263 
263 
263 
262 
262 
262 
261 
261 
261 
261 
260 
260 
260 
259 
259 
259 
259 
258 
258 
258 
257 
257 
257 
257 
256 
256 
256 
255 
255 
255 
254 
254 
254 
253 
253 
253 
253 
252 
252 
251 
251 
251 
251 
250 
250 
250 
249 
249 
249 
248 
248 
248 
247 
247 
247 
247 
246 
246 
246 
245 
245 
245 
245 
244 
244 
244 
243 
243 
243 
243 
242 
242 
242 
242 
241 
241 
241 
241 
240 
240 
240 
240 
239 
239 
239 
239 
239 
238 
238 
238 
238 
237 
237 
238 
238 
237 
237 
237 
237 
237 
237 
237 
236 
236 
236 
236 
236 
236 
235 
235 
235 
235 
235 
235 
235 
235 
235 
234 
234 
234 
234 
234 
234 
234 
234 
234 
234 
234 
233 
233 
233 
233 
233 
233 
233 
233 
233 
233 
233 
233 
233 
233 
233 
233 
233 
233 
233 
233 
233 
233 
233 
233 
233 
233 
233 
233 
233 
233 
233 
233 
233 
233 
233 
233 
233 
234 
234 
234 
234 
234 
234 
234 
234 
234 
234 
234 
234 
234 
235 
235 
235 
235 
235 
235 
235 
235 
236 
236 
236 
236 
236 
236 
236 
236 
237 
237 
237 
237 
237 
237 
237 
238 
238 
238 
238 
238 
238 
239 
239 
239 
239 
239 
240 
240 
240 
240 
240 
240 
241 
241 
241 
242 
242 
242 
242 
243 
243 
243 
243 
243 
244 
244 
244 
244 
244 
245 
245 
245 
245 
246 
246 
246 
246 
246 
247 
247 
247 
247 
248 
248 
248 
248 
248 
249 
249 
249 
249 
250 
250 
250 
250 
251 
251 
251 
251 
251 
252 
252 
252 
252 
253 
253 
253 
253 
253 
254 
254 
254 
255 
255 
255 
255 
256 
256 
256 
256 
256 
257 
257 
257 
256 
258 
258 
258 
258 
259 
259 
259 
259 
260 
260 
260 
260 
261 
261 
261 
261 
262 
262 
262 
262 
263 
263 
263 
263 
263 
264 
264 
264 
264 
265 
265 
265 
265 
266 
266 
266 
266 
266 
267 
267 
267 
267 
267 
268 
268 
268 
268 
268 
269 
269 
269 
269 
269 
270 
270 
270 
270 
270 
270 
270 
270 
270 
271 
271 
271 
271 
271 
271 
271 
272 
272 
272 
272 
272 
272 
272 
273 
273 
273 
273 
273 
273 
273 
273 
273 
274 
274 
274 
274 
274 
274 
274 
274 
274 
274 
274 
274 
275 
275 
275 
275 
275 
275 
275 
275 
275 
275 
275 
275 
275 
275 
275 
275 
275 
275 
275 
275 
275 
275 
275 
275 
275 
275 
275 
275 
275 
275 
275 
275 
275 
275 
275 
275 
275 
275 
275 
275 
275 
275 
275 
275 
275 
275 
275 
274 
274 
274 
274 
274 
274 
274 
274 
274 
274 
274 
273 
273 
273 
273 
273 
273 
273 
273 
273 
272 
272 
272 
272 
272 
272 
272 
272 
271 
271 
271 
271 
271 
271 
270 
270 
270 
270 
270 
270 
269 
269 
269 
268 
268 
268 
268 
268 
268 
267 
267 
267 
267 
267 
266 
266 
266 
266 
266 
265 
265 
265 
265 
265 
264 
264 
264 
264 
264 
263 
263 
263 
263 
262 
262 
262 
262 
262 
261 
261 
261 
261 
261 
260 
260 
260 
260 
259 
259 
259 
259 
258 
258 
258 
258 
258 
257 
257 
257 
257 
256 
256 
256 
256 
255 
255 
255 
255 
254 
254 
254 
254 
253 
253 
253 
252 
252 
252 
252 
252 
251 
251 
251 
250 
250 
250 
250 
249 
249 
249 
249 
249 
248 
248 
248 
248 
247 
247 
247 
247 
247 
246 
246 
246 
245 
245 
245 
245 
245 
245 
244 
244 
244 
244 
244 
243 
243 
243 
243 
243 
242 
242 
242 
242 
242 
242 
241 
241 
241 
241 
241 
241 
241 
241 
241 
241 
240 
240 
240 
240 
240 
240 
240 
240 
239 
239 
239 
239 
239 
239 
239 
239 
239 
239 
239 
238 
238 
238 
238 
238 
238 
238 
238 
238 
238 
238 
238 
238 
238 
238 
238 
238 
237 
237 
237 
237 
237 
237 
237 
237 
237 
237 
237 
237 
237 
237 
237 
237 
237 
237 
237 
237 
237 
237 
238 
238 
238 
238 
238 
238 
238 
238 
238 
238 
238 
238 
238 
238 
238 
238 
238 
238 
238 
238 
239 
239 
239 
239 
239 
239 
239 
239 
239 
239 
239 
240 
240 
240 
240 
240 
240 
240 
240 
241 
241 
241 
241 
241 
241 
241 
241 
241 
242 
242 
242 
242 
242 
242 
243 
243 
243 
243 
243 
243 
243 
243 
244 
244 
244 
245 
245 
245 
245 
245 
246 
246 
246 
246 
246 
246 
246 
247 
247 
247 
247 
247 
248 
248 
248 
248 
248 
248 
248 
249 
249 
249 
249 
249 
250 
250 
250 
250 
250 
251 
251 
251 
251 
251 
252 
252 
252 
252 
252 
252 
253 
253 
253 
253 
253 
254 
254 
254 
254 
254 
254 
255 
255 
255 
255 
256 
256 
256 
256 
256 
256 
257 
257 
257 
257 
257 
258 
258 
258 
258 
258 
259 
259 
259 
259 
259 
260 
260 
260 
260 
260 
261 
261 
261 
261 
261 
262 
262 
262 
262 
262 
262 
263 
263 
263 
263 
263 
264 
264 
264 
264 
264 
264 
265 
265 
265 
265 
265 
265 
266 
266 
266 
266 
266 
266 
267 
267 
267 
267 
267 
267 
267 
267 
267 
267 
267 
268 
268 
268 
268 
268 
268 
268 
268 
269 
269 
269 
269 
269 
269 
269 
269 
269 
270 
270 
270 
270 
270 
270 
270 
270 
270 
270 
270 
270 
270 
271 
271 
271 
271 
271 
271 
271 
271 
271 
271 
271 
271 
271 
271 
271 
271 
271 
271 
271 
271 
271 
271 
271 
271 
271 
271 
271 
271 
271 
271 
271 
271 
271 
271 
271 
271 
271 
271 
271 
271 
271 
271 
271 
271 
271 
271 
271 
271 
271 
271 
271 
271 
271 
271 
271 
271 
270 
270 
270 
270 
270 
270 
270 
270 
270 
270 
270 
270 
270 
269 
269 
269 
269 
269 
269 
269 
269 
269 
269 
268 
268 
268 
268 
268 
268 
268 
268 
267 
267 
267 
267 
267 
267 
267 
266 
266 
266 
266 
265 
265 
265 
265 
265 
265 
265 
264 
264 
264 
264 
264 
264 
263 
263 
263 
263 
263 
263 
262 
262 
262 
262 
262 
262 
261 
261 
261 
261 
261 
261 
260 
260 
260 
260 
260 
260 
259 
259 
259 
259 
259 
258 
258 
258 
258 
258 
258 
257 
257 
257 
257 
257 
256 
256 
256 
256 
256 
255 
255 
255 
255 
255 
254 
254 
254 
254 
254 
253 
253 
253 
253 
252 
252 
252 
252 
252 
251 
251 
251 
251 
251 
250 
250 
250 
250 
250 
249 
249 
249 
249 
249 
249 
248 
248 
248 
248 
248 
247 
247 
247 
247 
247 
247 
247 
246 
246 
246 
246 
246 
245 
245 
245 
245 
245 
245 
245 
245 
244 
244 
244 
244 
244 
244 
244 
244 
244 
244 
244 
244 
243 
243 
243 
243 
243 
243 
243 
243 
243 
242 
242 
242 
242 
242 
242 
242 
242 
242 
242 
242 
242 
242 
242 
242 
241 
241 
241 
241 
241 
241 
241 
241 
241 
241 
241 
241 
241 
241 
241 
241 
241 
241 
241 
241 
241 
241 
241 
241 
241 
241 
241 
241 
241 
241 
241 
241 
241 
241 
241 
241 
241 
241 
241 
241 
241 
241 
241 
241 
241 
241 
241 
242 
242 
242 
242 
242 
242 
242 
242 
242 
242 
242 
242 
242 
242 
242 
242 
243 
243 
243 
243 
243 
243 
243 
243 
243 
243 
243 
244 
244 
244 
244 
244 
244 
244 
244 
244 
244 
245 
245 
245 
245 
245 
245 
245 
245 
245 
246 
246 
246 
246 
246 
247 
247 
247 
247 
247 
247 
247 
247 
248 
248 
248 
248 
248 
248 
248 
249 
249 
249 
249 
249 
249 
249 
250 
250 
250 
250 
250 
250 
250 
251 
251 
251 
251 
251 
251 
251 
252 
252 
252 
252 
252 
252 
252 
253 
253 
253 
253 
253 
253 
254 
254 
254 
254 
254 
254 
255 
255 
255 
255 
255 
255 
256 
256 
256 
256 
256 
256 
256 
257 
257 
257 
257 
257 
257 
258 
258 
258 
258 
258 
258 
258 
259 
259 
259 
259 
259 
259 
260 
260 
260 
260 
260 
260 
261 
261 
261 
261 
261 
261 
261 
262 
262 
262 
262 
262 
262 
262 
263 
263 
263 
263 
263 
263 
263 
264 
264 
264 
264 
264 
264 
264 
264 
265 
265 
265 
265 
265 
265 
265 
265 
265 
265 
265 
265 
265 
266 
266 
266 
266 
266 
266 
266 
266 
266 
266 
266 
267 
267 
267 
267 
267 
267 
267 
267 
267 
267 
267 
267 
267 
267 
268 
268 
268 
268 
268 
268 
268 
268 
268 
268 
268 
268 
268 
268 
268 
268 
268 
268 
268 
268 
268 
268 
268 
268 
268 
268 
268 
268 
268 
268 
268 
268 
268 
268 
268 
268 
268 
268 
268 
268 
268 
268 
268 
268 
268 
268 
268 
268 
268 
268 
268 
268 
268 
268 
268 
268 
268 
268 
268 
268 
267 
267 
267 
267 
267 
267 
267 
267 
267 
267 
267 
267 
267 
267 
267 
266 
266 
266 
266 
266 
266 
266 
266 
266 
266 
266 
265 
265 
265 
265 
265 
265 
265 
265 
265 
264 
264 
264 
264 
264 
264 
263 
263 
263 
263 
263 
263 
263 
263 
262 
262 
262 
262 
262 
262 
262 
262 
261 
261 
261 
261 
261 
261 
261 
260 
260 
260 
260 
260 
260 
260 
259 
259 
259 
259 
259 
259 
259 
258 
258 
258 
258 
258 
258 
258 
257 
257 
257 
257 
257 
257 
257 
256 
256 
256 
256 
256 
256 
255 
255 
255 
255 
255 
255 
254 
254 
254 
254 
254 
254 
253 
253 
253 
253 
253 
253 
252 
252 
252 
252 
252 
252 
251 
251 
251 
251 
251 
251 
250 
250 
250 
250 
250 
250 
250 
250 
249 
249 
249 
249 
249 
249 
249 
248 
248 
248 
248 
248 
248 
248 
247 
247 
247 
247 
247 
247 
247 
247 
247 
246 
246 
246 
246 
246 
246 
246 
246 
246 
246 
246 
246 
246 
246 
246 
245 
245 
245 
245 
245 
245 
245 
245 
245 
245 
245 
245 
245 
245 
244 
244 
244 
244 
244 
244 
244 
244 
244 
244 
244 
244 
244 
244 
244 
244 
244 
244 
244 
244 
244 
244 
244 
244 
244 
244 
244 
244 
244 
244 
244 
244 
244 
244 
244 
244 
244 
244 
244 
244 
244 
244 
244 
244 
244 
244 
244 
244 
244 
244 
244 
244 
244 
244 
244 
244 
244 
244 
244 
244 
245 
245 
245 
245 
245 
245 
245 
245 
245 
245 
245 
245 
245 
245 
245 
245 
246 
246 
246 
246 
246 
246 
246 
246 
246 
246 
246 
246 
247 
247 
247 
247 
247 
247 
247 
247 
247 
247 
247 
247 
248 
248 
248 
248 
248 
248 
249 
249 
249 
249 
249 
249 
249 
249 
249 
249 
250 
250 
250 
250 
250 
250 
250 
250 
250 
251 
251 
251 
251 
251 
251 
251 
251 
252 
252 
252 
252 
252 
252 
252 
252 
253 
253 
253 
253 
253 
253 
253 
253 
253 
254 
254 
254 
254 
254 
254 
254 
254 
255 
255 
255 
255 
255 
255 
255 
256 
256 
256 
256 
256 
256 
256 
256 
256 
257 
257 
257 
257 
257 
257 
257 
258 
258 
258 
258 
258 
258 
258 
258 
259 
259 
259 
259 
259 
259 
259 
259 
260 
260 
260 
260 
260 
260 
260 
260 
261 
261 
261 
261 
261 
261 
261 
261 
261 
262 
262 
262 
262 
262 
262 
262 
262 
262 
262 
263 
263 
263 
263 
263 
263 
263 
263 
263 
263 
263 
263 
263 
263 
264 
264 
264 
264 
264 
264 
264 
264 
264 
264 
264 
264 
264 
264 
265 
265 
265 
265 
265 
265 
265 
265 
265 
265 
265 
265 
265 
265 
265 
265 
265 
265 
265 
265 
265 
266 
266 
266 
266 
266 
266 
266 
266 
266 
266 
266 
266 
266 
266 
266 
266 
266 
266 
266 
266 
266 
266 
266 
266 
266 
266 
266 
266 
266 
266 
266 
266 
266 
266 
266 
266 
266 
266 
266 
266 
266 
266 
265 
265 
265 
265 
265 
265 
265 
265 
265 
265 
265 
265 
265 
265 
265 
265 
265 
265 
265 
265 
265 
264 
264 
264 
264 
264 
264 
264 
264 
264 
264 
264 
264 
264 
264 
263 
263 
263 
263 
263 
263 
263 
263 
263 
263 
262 
262 
262 
262 
262 
262 
262 
262 
262 
261 
261 
261 
261 
261 
261 
261 
261 
261 
261 
260 
260 
260 
260 
260 
260 
260 
260 
260 
259 
259 
259 
259 
259 
259 
259 
259 
259 
258 
258 
258 
258 
258 
258 
258 
258 
258 
257 
257 
257 
257 
257 
257 
257 
257 
256 
256 
256 
256 
256 
256 
256 
256 
255 
255 
255 
255 
255 
255 
255 
254 
254 
254 
254 
254 
254 
254 
254 
253 
253 
253 
253 
253 
253 
253 
252 
252 
252 
252 
252 
252 
252 
252 
251 
251 
251 
251 
251 
251 
251 
251 
251 
250 
250 
250 
250 
250 
250 
250 
250 
250 
249 
249 
249 
249 
249 
249 
249 
249 
249 
249 
248 
248 
248 
248 
248 
248 
248 
248 
248 
248 
248 
248 
248 
248 
248 
248 
248 
247 
247 
247 
247 
247 
247 
247 
247 
247 
247 
247 
247 
247 
247 
247 
247 
247 
247 
247 
246 
246 
246 
246 
246 
246 
246 
246 
246 
246 
246 
246 
246 
246 
246 
246 
246 
246 
246 
246 
246 
246 
246 
246 
246 
246 
246 
246 
246 
246 
246 
246 
246 
246 
246 
246 
246 
246 
246 
246 
246 
246 
246 
246 
246 
246 
246 
246 
246 
246 
246 
247 
247 
247 
247 
247 
247 
247 
247 
247 
247 
247 
247 
247 
247 
247 
247 
247 
247 
247 
247 
247 
247 
248 
248 
248 
248 
248 
248 
248 
248 
248 
248 
248 
248 
248 
248 
248 
249 
249 
249 
249 
249 
249 
249 
249 
249 
249 
249 
249 
250 
250 
250 
250 
250 
250 
250 
250 
250 
250 
251 
251 
251 
251 
251 
251 
251 
251 
251 
251 
251 
252 
252 
252 
252 
252 
252 
252 
252 
252 
252 
252 
253 
253 
253 
253 
253 
253 
253 
253 
253 
254 
254 
254 
254 
254 
254 
254 
254 
254 
254 
255 
255 
255 
255 
255 
255 
255 
255 
255 
255 
256 
256 
256 
256 
256 
256 
256 
256 
256 
256 
256 
257 
257 
257 
257 
257 
257 
257 
257 
257 
258 
258 
258 
258 
258 
258 
258 
258 
258 
258 
259 
259 
259 
259 
259 
259 
259 
259 
259 
259 
260 
260 
260 
260 
260 
260 
260 
260 
260 
260 
260 
261 
261 
261 
261 
261 
261 
261 
261 
261 
261 
261 
261 
262 
262 
262 
262 
262 
262 
262 
262 
262 
262 
262 
262 
262 
262 
262 
262 
262 
262 
262 
263 
263 
263 
263 
263 
263 
263 
263 
263 
263 
263 
263 
263 
263 
263 
263 
263 
263 
263 
263 
263 
263 
263 
263 
264 
264 
264 
264 
264 
264 
264 
264 
264 
264 
264 
264 
264 
264 
264 
264 
264 
264 
264 
264 
264 
264 
264 
264 
264 
264 
264 
264 
264 
264 
264 
264 
264 
264 
264 
264 
264 
264 
264 
264 
264 
264 
264 
264 
264 
264 
264 
263 
263 
263 
263 
263 
263 
263 
263 
263 
263 
263 
263 
263 
263 
263 
263 
263 
263 
263 
263 
263 
263 
263 
262 
262 
262 
262 
262 
262 
262 
262 
262 
262 
262 
262 
262 
262 
262 
262 
261 
261 
261 
261 
261 
261 
261 
261 
261 
261 
260 
260 
260 
260 
260 
260 
260 
260 
260 
260 
260 
260 
260 
259 
259 
259 
259 
259 
259 
259 
259 
259 
259 
259 
258 
258 
258 
258 
258 
258 
258 
258 
258 
258 
258 
257 
257 
257 
257 
257 
257 
257 
257 
257 
257 
256 
256 
256 
256 
256 
256 
256 
256 
256 
256 
255 
255 
255 
255 
255 
255 
255 
255 
255 
254 
254 
254 
254 
254 
254 
254 
254 
254 
254 
253 
253 
253 
253 
253 
253 
253 
253 
253 
253 
252 
252 
252 
252 
252 
252 
252 
252 
252 
252 
251 
251 
251 
251 
251 
251 
251 
251 
251 
251 
251 
250 
250 
250 
250 
250 
250 
250 
250 
250 
250 
250 
250 
250 
249 
249 
249 
250 
249 
249 
249 
249 
249 
249 
249 
249 
249 
249 
249 
249 
249 
249 
249 
249 
249 
249 
249 
249 
248 
248 
248 
248 
248 
248 
248 
248 
248 
248 
248 
248 
248 
248 
248 
248 
248 
248 
248 
248 
248 
248 
248 
248 
248 
248 
248 
248 
248 
248 
248 
248 
248 
248 
248 
248 
248 
248 
248 
248 
248 
248 
248 
248 
248 
248 
248 
248 
248 
248 
248 
248 
248 
248 
248 
248 
248 
248 
248 
248 
248 
248 
248 
248 
248 
248 
248 
249 
249 
249 
249 
249 
249 
249 
249 
249 
249 
249 
249 
249 
249 
249 
249 
249 
249 
249 
249 
249 
249 
250 
250 
250 
250 
250 
250 
250 
250 
250 
250 
250 
250 
250 
250 
250 
250 
251 
251 
251 
251 
251 
251 
251 
251 
251 
251 
251 
251 
252 
252 
252 
252 
252 
252 
252 
252 
252 
252 
252 
252 
252 
252 
253 
253 
253 
253 
253 
253 
253 
253 
253 
253 
253 
253 
253 
254 
254 
254 
254 
254 
254 
254 
254 
254 
254 
254 
254 
255 
255 
255 
255 
255 
255 
255 
255 
255 
255 
255 
255 
256 
256 
256 
256 
256 
256 
256 
256 
256 
256 
256 
256 
256 
257 
257 
257 
257 
257 
257 
257 
257 
257 
257 
257 
257 
258 
258 
258 
258 
258 
258 
258 
258 
258 
258 
258 
258 
259 
259 
259 
259 
259 
259 
259 
259 
259 
259 
259 
259 
259 
259 
260 
260 
260 
260 
260 
260 
260 
260 
260 
260 
260 
260 
260 
260 
260 
261 
260 
260 
260 
261 
261 
261 
261 
261 
261 
261 
261 
261 
261 
261 
261 
261 
261 
261 
261 
261 
261 
261 
261 
261 
262 
262 
262 
262 
262 
262 
262 
262 
262 
262 
262 
262 
262 
262 
262 
262 
262 
262 
262 
262 
262 
262 
262 
262 
262 
262 
262 
262 
262 
262 
262 
262 
262 
262 
262 
262 
262 
262 
262 
262 
262 
262 
262 
262 
262 
262 
262 
262 
262 
262 
262 
262 
262 
262 
262 
262 
262 
262 
262 
262 
262 
262 
262 
262 
262 
262 
262 
262 
262 
262 
262 
262 
262 
262 
262 
262 
261 
261 
261 
261 
261 
261 
261 
261 
261 
261 
261 
261 
261 
261 
261 
261 
261 
261 
261 
261 
261 
261 
260 
260 
260 
260 
260 
260 
260 
260 
260 
260 
260 
260 
260 
260 
259 
259 
259 
259 
259 
259 
259 
259 
259 
259 
259 
259 
259 
259 
259 
258 
258 
258 
258 
258 
258 
258 
258 
258 
258 
258 
258 
258 
257 
257 
257 
257 
257 
257 
257 
257 
257 
257 
257 
257 
257 
257 
256 
256 
256 
256 
256 
256 
256 
256 
256 
256 
256 
256 
255 
255 
255 
255 
255 
255 
255 
255 
255 
255 
255 
254 
254 
254 
254 
254 
254 
254 
254 
254 
254 
254 
254 
253 
253 
253 
253 
253 
253 
253 
253 
253 
253 
253 
253 
253 
252 
252 
252 
252 
252 
252 
252 
252 
252 
252 
252 
252 
252 
252 
251 
251 
251 
251 
251 
251 
251 
251 
251 
251 
251 
251 
251 
251 
251 
251 
251 
251 
251 
251 
251 
250 
250 
250 
250 
250 
250 
250 
250 
250 
250 
250 
250 
250 
250 
250 
250 
250 
250 
250 
250 
250 
250 
250 
250 
250 
250 
250 
250 
250 
250 
249 
249 
249 
249 
249 
249 
249 
249 
249 
249 
249 
249 
249 
249 
249 
249 
249 
249 
249 
249 
249 
249 
249 
249 
249 
249 
249 
249 
249 
249 
249 
249 
249 
249 
249 
249 
249 
250 
250 
250 
250 
250 
250 
250 
250 
250 
250 
250 
250 
250 
250 
250 
250 
250 
250 
250 
250 
250 
250 
250 
250 
250 
250 
250 
250 
250 
250 
250 
250 
250 
251 
251 
251 
251 
251 
251 
251 
251 
251 
251 
251 
251 
251 
251 
251 
251 
251 
251 
251 
251 
251 
251 
252 
252 
252 
252 
252 
252 
252 
252 
252 
252 
252 
252 
252 
252 
252 
253 
253 
253 
253 
253 
253 
253 
253 
253 
253 
253 
253 
253 
253 
253 
253 
254 
254 
254 
254 
254 
254 
254 
254 
254 
254 
254 
254 
254 
254 
254 
254 
255 
255 
255 
255 
255 
255 
255 
255 
255 
255 
255 
255 
255 
255 
255 
256 
256 
256 
256 
256 
256 
256 
256 
256 
256 
256 
256 
256 
256 
256 
256 
257 
257 
257 
257 
257 
257 
257 
257 
257 
257 
257 
257 
257 
257 
257 
258 
258 
258 
258 
258 
258 
258 
258 
258 
258 
258 
258 
258 
258 
258 
258 
259 
259 
259 
259 
259 
259 
259 
259 
259 
259 
259 
259 
259 
259 
259 
259 
259 
259 
260 
260 
259 
259 
260 
260 
260 
260 
260 
260 
260 
260 
260 
260 
260 
260 
260 
260 
260 
260 
260 
260 
260 
260 
260 
260 
260 
260 
260 
260 
260 
260 
260 
261 
261 
261 
261 
261 
261 
261 
261 
261 
261 
261 
261 
261 
261 
261 
261 
261 
261 
261 
261 
261 
261 
261 
261 
261 
261 
261 
261 
261 
261 
261 
261 
261 
261 
261 
261 
261 
261 
261 
261 
261 
261 
261 
261 
261 
261 
261 
261 
261 
261 
261 
261 
261 
261 
261 
261 
261 
261 
261 
261 
261 
261 
261 
260 
260 
260 
260 
260 
260 
260 
260 
260 
260 
260 
260 
260 
260 
260 
260 
260 
260 
260 
260 
260 
260 
260 
260 
260 
260 
260 
260 
259 
259 
259 
259 
259 
259 
259 
259 
259 
259 
259 
259 
259 
259 
259 
259 
259 
259 
258 
258 
258 
258 
258 
258 
258 
258 
258 
258 
258 
258 
258 
258 
258 
258 
258 
258 
257 
257 
257 
257 
257 
257 
257 
257 
257 
257 
257 
257 
257 
257 
257 
257 
256 
256 
256 
256 
256 
256 
256 
256 
256 
256 
256 
256 
256 
256 
256 
256 
255 
255 
255 
255 
255 
255 
255 
255 
255 
255 
255 
255 
255 
255 
254 
254 
254 
254 
254 
254 
254 
254 
254 
254 
254 
254 
254 
254 
254 
253 
253 
253 
253 
253 
253 
253 
253 
253 
253 
253 
253 
253 
253 
253 
253 
253 
252 
252 
252 
252 
252 
252 
252 
252 
252 
252 
252 
252 
252 
252 
252 
252 
252 
252 
252 
251 
252 
252 
252 
252 
251 
251 
251 
251 
251 
251 
251 
251 
251 
251 
251 
251 
251 
251 
251 
251 
251 
251 
251 
251 
251 
251 
251 
251 
251 
251 
251 
251 
251 
251 
251 
251 
251 
251 
251 
251 
251 
251 
251 
251 
251 
251 
251 
251 
251 
251 
251 
251 
251 
251 
251 
251 
251 
251 
251 
251 
251 
251 
251 
251 
251 
251 
251 
251 
251 
251 
251 
251 
251 
251 
251 
251 
251 
251 
251 
251 
251 
251 
251 
251 
251 
251 
251 
251 
251 
251 
251 
251 
251 
251 
251 
251 
251 
251 
251 
251 
251 
251 
251 
251 
251 
251 
251 
252 
252 
252 
252 
252 
252 
252 
252 
252 
252 
252 
252 
252 
252 
252 
252 
252 
252 
252 
252 
252 
252 
253 
253 
253 
253 
253 
253 
253 
253 
253 
253 
253 
253 
253 
253 
253 
253 
253 
253 
253 
253 
253 
253 
254 
254 
254 
254 
254 
254 
254 
254 
254 
254 
254 
254 
254 
254 
254 
254 
254 
254 
254 
254 
255 
255 
255 
255 
255 
255 
255 
255 
255 
255 
255 
255 
255 
255 
255 
255 
255 
255 
256 
256 
256 
256 
256 
256 
256 
256 
256 
256 
256 
256 
256 
256 
256 
256 
256 
256 
256 
257 
257 
257 
257 
257 
257 
257 
257 
257 
257 
257 
257 
257 
257 
257 
257 
257 
257 
257 
258 
258 
258 
258 
258 
258 
258 
258 
258 
258 
258 
258 
258 
258 
258 
258 
258 
258 
258 
258 
258 
258 
259 
259 
259 
259 
259 
259 
259 
259 
259 
259 
259 
259 
259 
259 
259 
259 
259 
259 
259 
259 
259 
259 
259 
259 
259 
259 
259 
259 
259 
259 
259 
259 
259 
259 
259 
259 
260 
260 
260 
260 
260 
260 
260 
260 
260 
260 
260 
260 
260 
260 
260 
260 
260 
260 
260 
260 
260 
260 
260 
260 
260 
260 
260 
260 
260 
260 
260 
260 
260 
260 
260 
260 
260 
260 
260 
260 
260 
260 
260 
260 
260 
260 
260 
260 
260 
260 
260 
260 
260 
260 
260 
260 
260 
260 
260 
260 
260 
260 
260 
260 
260 
260 
259 
259 
259 
259 
259 
259 
259 
259 
259 
259 
259 
259 
259 
259 
259 
259 
259 
259 
259 
259 
259 
259 
259 
259 
259 
259 
259 
259 
259 
259 
259 
259 
259 
258 
258 
258 
258 
258 
258 
258 
258 
258 
258 
258 
258 
258 
258 
258 
258 
258 
258 
258 
258 
258 
258 
257 
257 
257 
257 
257 
257 
257 
257 
257 
257 
257 
257 
257 
257 
257 
257 
257 
257 
257 
257 
257 
256 
256 
256 
256 
256 
256 
256 
256 
256 
256 
256 
256 
256 
256 
256 
256 
256 
256 
256 
255 
255 
255 
255 
255 
255 
255 
255 
255 
255 
255 
255 
255 
255 
255 
255 
255 
255 
254 
254 
254 
254 
254 
254 
254 
254 
254 
254 
254 
254 
254 
254 
254 
254 
254 
254 
254 
253 
253 
253 
253 
253 
253 
253 
253 
253 
253 
253 
253 
253 
253 
253 
253 
253 
253 
253 
253 
253 
253 
253 
252 
252 
252 
252 
252 
252 
252 
252 
252 
252 
252 
252 
252 
252 
252 
252 
252 
252 
252 
252 
252 
252 
252 
252 
252 
252 
252 
252 
252 
252 
252 
252 
252 
252 
252 
252 
252 
252 
252 
252 
252 
252 
252 
252 
252 
252 
252 
252 
252 
252 
252 
252 
252 
252 
252 
252 
252 
252 
252 
252 
252 
252 
252 
252 
252 
252 
252 
252 
252 
252 
252 
252 
252 
252 
252 
252 
252 
252 
252 
252 
252 
252 
252 
252 
252 
252 
252 
252 
252 
252 
252 
252 
252 
252 
252 
252 
252 
252 
252 
252 
252 
252 
252 
252 
252 
252 
252 
252 
252 
252 
252 
252 
252 
252 
252 
252 
252 
252 
252 
252 
253 
253 
253 
253 
253 
253 
253 
253 
253 
253 
253 
253 
253 
253 
253 
253 
253 
253 
253 
253 
253 
253 
253 
253 
253 
253 
254 
254 
254 
254 
254 
254 
254 
254 
254 
254 
254 
254 
254 
254 
254 
254 
254 
254 
254 
254 
254 
254 
254 
254 
254 
254 
255 
255 
255 
255 
255 
255 
255 
255 
255 
255 
255 
255 
255 
255 
255 
255 
255 
255 
255 
255 
255 
255 
255 
256 
256 
256 
256 
256 
256 
256 
256 
256 
256 
256 
256 
256 
256 
256 
256 
256 
256 
256 
256 
256 
256 
256 
256 
257 
257 
257 
257 
257 
257 
257 
257 
257 
257 
257 
257 
256 
257 
257 
257 
257 
257 
257 
257 
257 
257 
257 
257 
258 
258 
258 
258 
258 
258 
258 
258 
258 
258 
258 
258 
258 
258 
258 
258 
258 
258 
258 
258 
258 
258 
258 
258 
258 
258 
258 
258 
258 
258 
258 
258 
258 
258 
258 
258 
258 
259 
259 
259 
259 
259 
259 
259 
259 
259 
259 
259 
259 
259 
259 
259 
259 
259 
259 
259 
259 
259 
259 
259 
259 
259 
259 
259 
259 
259 
259 
259 
259 
259 
259 
259 
259 
259 
259 
259 
259 
259 
259 
259 
259 
259 
259 
259 
259 
259 
259 
259 
259 
259 
259 
259 
259 
259 
259 
259 
259 
259 
259 
259 
259 
259 
259 
259 
259 
259 
259 
259 
259 
259 
259 
259 
259 
259 
259 
259 
259 
259 
259 
259 
259 
259 
259 
259 
259 
259 
258 
258 
258 
258 
258 
258 
258 
258 
258 
258 
258 
258 
258 
258 
258 
258 
258 
258 
258 
258 
258 
258 
258 
258 
258 
258 
258 
258 
258 
258 
258 
257 
257 
257 
257 
257 
257 
257 
257 
257 
257 
257 
257 
257 
257 
257 
257 
257 
257 
257 
257 
257 
257 
257 
257 
257 
257 
257 
257 
256 
256 
256 
256 
256 
256 
256 
256 
256 
256 
256 
256 
256 
256 
256 
256 
256 
256 
256 
256 
256 
256 
256 
256 
255 
255 
255 
255 
255 
255 
255 
255 
255 
255 
255 
255 
255 
255 
255 
255 
255 
255 
255 
255 
255 
255 
254 
254 
254 
254 
254 
254 
254 
254 
254 
254 
254 
254 
254 
254 
254 
254 
254 
254 
254 
254 
254 
254 
254 
254 
254 
253 
253 
253 
253 
253 
253 
253 
253 
253 
253 
253 
253 
253 
253 
253 
253 
253 
253 
253 
253 
253 
253 
253 
253 
253 
253 
253 
253 
253 
253 
253 
253 
253 
253 
253 
253 
253 
253 
253 
253 
253 
253 
253 
252 
252 
252 
252 
252 
252 
252 
252 
252 
252 
252 
252 
252 
252 
252 
252 
252 
252 
252 
252 
252 
252 
252 
252 
252 
252 
252 
252 
252 
252 
252 
252 
252 
252 
252 
252 
252 
252 
252 
252 
252 
252 
252 
252 
252 
252 
252 
252 
252 
252 
252 
252 
252 
252 
252 
252 
252 
252 
252 
252 
253 
253 
253 
253 
253 
253 
253 
253 
253 
253 
253 
253 
253 
253 
253 
253 
253 
253 
253 
253 
253 
253 
253 
253 
253 
253 
253 
253 
253 
253 
253 
253 
253 
253 
253 
253 
253 
253 
253 
253 
253 
253 
253 
253 
254 
254 
254 
254 
254 
254 
254 
254 
254 
254 
254 
254 
254 
254 
254 
254 
254 
254 
254 
254 
254 
254 
254 
254 
254 
254 
254 
254 
254 
254 
254 
254 
255 
255 
255 
255 
255 
255 
255 
255 
255 
255 
255 
255 
255 
255 
255 
255 
255 
255 
255 
255 
255 
255 
255 
255 
255 
255 
255 
255 
255 
256 
256 
256 
256 
256 
256 
256 
256 
256 
256 
256 
256 
256 
256 
256 
256 
256 
256 
256 
256 
256 
256 
256 
256 
256 
256 
256 
256 
256 
257 
257 
257 
257 
257 
257 
257 
257 
257 
257 
257 
257 
257 
257 
257 
257 
257 
257 
257 
257 
257 
257 
257 
257 
257 
257 
257 
257 
257 
257 
257 
257 
257 
258 
258 
258 
258 
258 
258 
258 
258 
258 
258 
258 
258 
258 
258 
258 
258 
258 
258 
258 
258 
258 
258 
258 
258 
258 
258 
258 
258 
258 
258 
258 
258 
258 
258 
258 
258 
258 
258 
258 
258 
258 
258 
258 
258 
258 
258 
258 
258 
258 
258 
258 
258 
258 
258 
258 
258 
258 
258 
258 
258 
258 
258 
258 
258 
258 
258 
258 
258 
258 
258 
258 
258 
258 
258 
258 
258 
258 
258 
258 
258 
258 
258 
258 
258 
258 
258 
258 
258 
258 
258 
258 
258 
258 
258 
258 
258 
258 
258 
258 
258 
258 
258 
258 
258 
258 
258 
258 
258 
258 
258 
258 
258 
258 
258 
258 
258 
258 
258 
258 
258 
258 
258 
258 
258 
258 
258 
258 
258 
258 
258 
258 
257 
257 
257 
257 
257 
257 
257 
257 
257 
257 
257 
257 
257 
257 
257 
257 
257 
257 
257 
257 
257 
257 
257 
257 
257 
257 
257 
257 
257 
257 
257 
257 
257 
256 
256 
256 
256 
256 
256 
256 
256 
256 
256 
256 
256 
256 
256 
256 
256 
256 
256 
256 
256 
256 
256 
256 
256 
256 
256 
256 
256 
256 
256 
256 
255 
255 
255 
255 
255 
255 
255 
255 
255 
255 
255 
255 
255 
255 
255 
255 
255 
255 
255 
255 
255 
255 
255 
255 
255 
255 
255 
255 
254 
254 
254 
254 
254 
254 
254 
254 
254 
254 
254 
254 
254 
254 
254 
254 
254 
254 
254 
254 
254 
254 
254 
254 
254 
254 
254 
254 
254 
254 
254 
254 
254 
254 
253 
253 
253 
253 
253 
253 
253 
253 
253 
253 
253 
253 
253 
253 
253 
253 
253 
253 
253 
253 
253 
253 
253 
253 
253 
253 
253 
253 
253 
253 
253 
253 
253 
253 
253 
253 
253 
253 
253 
253 
253 
253 
253 
253 
253 
253 
253 
253 
253 
253 
253 
253 
253 
253 
253 
253 
253 
253 
253 
253 
253 
253 
253 
253 
253 
253 
253 
253 
253 
253 
253 
253 
253 
253 
253 
253 
253 
253 
253 
253 
253 
253 
253 
253 
253 
253 
253 
253 
253 
253 
253 
253 
253 
253 
253 
253 
253 
253 
253 
253 
253 
253 
253 
253 
253 
253 
253 
253 
253 
253 
253 
253 
253 
253 
253 
254 
254 
254 
254 
254 
254 
254 
254 
254 
254 
254 
254 
254 
254 
254 
254 
254 
254 
254 
254 
254 
254 
254 
254 
254 
254 
254 
254 
254 
254 
254 
254 
254 
254 
254 
254 
254 
254 
254 
254 
254 
255 
255 
255 
255 
255 
255 
255 
255 
255 
255 
255 
255 
255 
255 
255 
255 
255 
255 
255 
255 
255 
255 
255 
255 
255 
255 
255 
255 
255 
255 
255 
255 
255 
255 
255 
255 
255 
256 
256 
256 
256 
256 
256 
256 
256 
256 
256 
256 
256 
256 
256 
256 
256 
256 
256 
256 
256 
256 
256 
256 
256 
256 
256 
256 
256 
256 
256 
256 
256 
256 
256 
256 
256 
256 
257 
257 
257 
257 
257 
257 
257 
257 
257 
257 
257 
257 
257 
257 
257 
257 
257 
257 
257 
257 
257 
257 
257 
257 
257 
257 
257 
257 
257 
257 
257 
257 
257 
257 
257 
257 
257 
257 
257 
257 
257 
257 
257 
257 
257 
257 
257 
257 
257 
257 
257 
257 
258 
258 
258 
258 
258 
258 
258 
258 
258 
258 
258 
258 
258 
258 
258 
258 
258 
258 
258 
258 
258 
258 
258 
258 
258 
258 
258 
258 
258 
258 
258 
258 
258 
258 
258 
258 
258 
258 
258 
258 
258 
258 
258 
258 
258 
258 
258 
258 
258 
258 
258 
258 
258 
258 
258 
258 
258 
258 
258 
258 
258 
258 
258 
258 
258 
258 
258 
258 
258 
258 
258 
258 
258 
258 
258 
258 
258 
258 
258 
258 
258 
257 
257 
257 
257 
257 
257 
257 
257 
257 
257 
257 
257 
257 
257 
257 
257 
257 
257 
257 
257 
257 
257 
257 
257 
257 
257 
257 
257 
257 
257 
257 
257 
257 
257 
257 
257 
257 
257 
257 
257 
257 
257 
257 
257 
257 
257 
257 
257 
256 
256 
256 
256 
256 
256 
256 
256 
256 
256 
256 
256 
256 
256 
256 
256 
256 
256 
256 
256 
256 
256 
256 
256 
256 
256 
256 
256 
256 
256 
256 
256 
256 
256 
256 
256 
256 
256 
256 
255 
255 
255 
255 
255 
255 
255 
255 
255 
255 
255 
255 
255 
255 
255 
255 
255 
255 
255 
255 
255 
255 
255 
255 
255 
255 
255 
255 
255 
255 
255 
255 
255 
255 
255 
254 
254 
254 
254 
254 
254 
254 
254 
254 
254 
254 
254 
254 
254 
254 
254 
254 
254 
254 
254 
254 
254 
254 
254 
254 
254 
254 
254 
254 
254 
254 
254 
254 
254 
254 
254 
254 
254 
254 
254 
254 
254 
254 
254 
254 
254 
254 
254 
254 
254 
254 
254 
254 
254 
254 
254 
254 
254 
254 
254 
254 
254 
253 
253 
253 
253 
253 
253 
253 
253 
253 
253 
253 
253 
253 
253 
253 
253 
253 
253 
253 
253 
253 
253 
253 
253 
253 
253 
253 
253 
253 
253 
253 
253 
253 
253 
253 
253 
253 
253 
253 
253 
253 
253 
253 
253 
253 
253 
254 
254 
254 
254 
254 
254 
254 
254 
254 
254 
254 
254 
254 
254 
254 
254 
254 
254 
254 
254 
254 
254 
254 
254 
254 
254 
254 
254 
254 
254 
254 
254 
254 
254 
254 
254 
254 
254 
254 
254 
254 
254 
254 
254 
254 
254 
254 
254 
254 
254 
254 
254 
254 
254 
254 
254 
254 
254 
254 
254 
254 
254 
254 
254 
254 
254 
255 
255 
255 
255 
255 
255 
255 
255 
255 
255 
255 
255 
255 
255 
255 
255 
255 
255 
255 
255 
255 
255 
255 
255 
255 
255 
255 
255 
255 
255 
255 
255 
255 
255 
255 
255 
255 
255 
255 
255 
255 
255 
255 
255 
255 
255 
256 
256 
256 
256 
256 
256 
256 
256 
256 
256 
256 
256 
256 
256 
256 
256 
256 
256 
256 
256 
256 
256 
256 
256 
256 
256 
256 
256 
256 
256 
256 
256 
256 
256 
256 
256 
256 
256 
256 
256 
256 
256 
256 
256 
256 
256 
257 
257 
257 
257 
257 
257 
257 
257 
257 
257 
257 
257 
257 
257 
257 
257 
257 
257 
257 
257 
257 
257 
257 
257 
257 
257 
257 
257 
257 
257 
257 
257 
257 
257 
257 
257 
257 
257 
257 
257 
257 
257 
257 
257 
257 
257 
257 
257 
257 
257 
257 
257 
257 
257 
257 
257 
257 
257 
257 
257 
257 
257 
257 
257 
257 
257 
257 
257 
257 
257 
257 
257 
257 
257 
257 
257 
257 
257 
257 
257 
257 
257 
257 
257 
257 
257 
257 
257 
257 
257 
257 
257 
257 
257 
257 
257 
257 
257 
257 
257 
257 
257 
257 
257 
257 
257 
257 
257 
257 
257 
257 
257 
257 
257 
257 
257 
257 
257 
257 
257 
257 
257 
257 
257 
257 
257 
257 
257 
257 
257 
257 
257 
257 
257 
257 
257 
257 
257 
257 
257 
257 
257 
257 
257 
257 
257 
257 
257 
257 
257 
257 
257 
257 
257 
257 
257 
257 
257 
257 
257 
257 
257 
256 
256 
256 
256 
256 
256 
256 
256 
256 
256 
256 
256 
256 
256 
256 
256 
256 
256 
256 
256 
256 
256 
256 
256 
256 
256 
256 
256 
256 
256 
256 
256 
256 
256 
256 
256 
256 
256 
256 
256 
256 
256 
256 
256 
256 
256 
256 
256 
256 
255 
255 
255 
255 
255 
255 
255 
255 
255 
255 
255 
255 
255 
255 
255 
255 
255 
255 
255 
255 
255 
255 
255 
255 
255 
255 
255 
255 
255 
255 
255 
255 
255 
255 
255 
255 
255 
255 
255 
255 
255 
255 
255 
255 
255 
254 
254 
254 
254 
254 
254 
254 
254 
254 
254 
254 
254 
254 
254 
254 
254 
254 
254 
254 
254 
254 
254 
254 
254 
254 
254 
254 
254 
254 
254 
254 
254 
254 
254 
254 
254 
254 
254 
254 
254 
254 
254 
254 
254 
254 
254 
254 
254 
254 
254 
254 
254 
254 
254 
254 
254 
254 
254 
254 
254 
254 
254 
254 
254 
254 
254 
254 
254 
254 
254 
254 
254 
254 
254 
254 
254 
254 
254 
254 
254 
254 
254 
254 
254 
254 
254 
254 
254 
254 
254 
254 
254 
254 
254 
254 
254 
254 
254 
254 
254 
254 
254 
254 
254 
254 
254 
254 
254 
254 
254 
254 
254 
254 
254 
254 
254 
254 
254 
254 
254 
254 
254 
254 
254 
254 
254 
254 
254 
254 
254 
254 
254 
254 
254 
254 
254 
254 
254 
254 
254 
254 
254 
254 
254 
254 
254 
254 
254 
254 
254 
254 
255 
255 
255 
255 
255 
255 
255 
255 
255 
255 
255 
255 
255 
255 
255 
255 
255 
255 
255 
255 
255 
255 
255 
255 
255 
255 
255 
255 
255 
255 
255 
255 
255 
255 
255 
255 
255 
255 
255 
255 
255 
255 
255 
255 
255 
255 
255 
255 
255 
255 
255 
255 
255 
255 
255 
255 
255 
255 
255 
256 
256 
256 
256 
256 
256 
256 
256 
256 
256 
256 
256 
256 
256 
256 
256 
256 
256 
256 
256 
256 
256 
256 
256 
256 
256 
256 
256 
256 
256 
256 
256 
256 
256 
256 
256 
256 
256 
256 
256 
256 
256 
256 
256 
256 
256 
256 
256 
256 
256 
256 
256 
256 
256 
256 
256 
256 
256 
256 
257 
257 
257 
257 
257 
257 
257 
257 
257 
257 
257 
257 
257 
257 
257 
257 
257 
257 
257 
257 
257 
257 
257 
257 
257 
257 
257 
257 
257 
257 
257 
257 
257 
257 
257 
257 
257 
257 
257 
257 
257 
257 
257 
257 
257 
257 
257 
257 
257 
257 
257 
257 
257 
257 
257 
257 
257 
257 
257 
257 
257 
257 
256 
257 
257 
257 
257 
257 
257 
257 
257 
257 
257 
257 
257 
257 
257 
257 
257 
257 
257 
257 
257 
257 
257 
257 
257 
257 
257 
257 
257 
257 
257 
257 
257 
257 
257 
257 
257 
257 
257 
257 
257 
257 
257 
257 
257 
257 
257 
257 
257 
257 
257 
257 
257 
257 
257 
257 
257 
257 
257 
257 
257 
257 
257 
257 
257 
257 
257 
257 
257 
257 
257 
257 
257 
257 
256 
256 
256 
256 
256 
256 
256 
256 
256 
256 
256 
256 
256 
256 
256 
256 
256 
256 
256 
256 
256 
256 
256 
256 
256 
256 
256 
256 
256 
256 
256 
256 
256 
256 
256 
256 
256 
256 
256 
256 
256 
256 
256 
256 
256 
256 
256 
256 
256 
256 
256 
256 
256 
256 
256 
256 
256 
256 
256 
256 
256 
256 
255 
255 
255 
255 
255 
255 
255 
255 
255 
255 
255 
255 
255 
255 
255 
255 
255 
255 
255 
255 
255 
255 
255 
255 
255 
255 
255 
255 
255 
255 
255 
255 
255 
255 
255 
255 
255 
255 
255 
255 
255 
255 
255 
255 
255 
255 
255 
255 
255 
255 
255 
255 
255 
255 
255 
255 
255 
255 
254 
254 
254 
254 
254 
254 
254 
254 
254 
254 
254 
254 
254 
254 
254 
254 
254 
254 
254 
254 
254 
254 
254 
254 
254 
254 
254 
254 
254 
254 
254 
254 
254 
254 
254 
254 
254 
254 
254 
254 
254 
254 
254 
254 
254 
254 
254 
254 
254 
254 
254 
254 
254 
254 
254 
254 
254 
254 
254 
254 
254 
254 
254 
254 
254 
254 
254 
254 
254 
254 
254 
254 
254 
254 
254 
254 
254 
254 
254 
254 
254 
254 
254 
254 
254 
254 
254 
254 
254 
254 
254 
254 
254 
254 
254 
254 
254 
254 
254 
254 
254 
254 
254 
254 
254 
254 
254 
254 
254 
254 
254 
254 
254 
254 
254 
254 
254 
254 
254 
254 
254 
254 
254 
255 
255 
255 
255 
255 
255 
255 
255 
255 
255 
255 
255 
255 
255 
255 
255 
255 
255 
255 
255 
255 
255 
255 
255 
255 
255 
255 
255 
255 
255 
255 
255 
255 
255 
255 
255 
255 
255 
255 
255 
255 
255 
255 
255 
255 
255 
255 
255 
255 
255 
255 
255 
255 
255 
255 
255 
255 
255 
255 
255 
255 
255 
255 
255 
255 
255 
255 
255 
255 
255 
255 
255 
255 
255 
256 
256 
256 
256 
256 
256 
256 
256 
256 
256 
256 
256 
256 
256 
256 
256 
256 
256 
256 
256 
256 
256 
256 
256 
256 
256 
256 
256 
256 
256 
256 
256 
256 
256 
256 
256 
256 
256 
256 
256 
256 
256 
256 
256 
256 
256 
256 
256 
256 
256 
256 
256 
256 
256 
256 
256 
256 
256 
256 
256 
256 
256 
256 
256 
256 
256 
256 
256 
255 
255 
255 
255 
255 
255 
255 
255 
255 
255 
255 
255 
255 
255 
255 
255 
255 
255 
255 
255 
255 
255 
255 
255 
255 
255 
255 
255 
255 
255 
255 
255 
255 
255 
255 
255 
255 
255 
255 
255 
255 
255 
255 
255 
255 
255 
255 
255 
255 
255 
255 
255 
255 
255 
255 
255 
255 
255 
255 
255 
255 
255 
255 
255 
255 
255 
255 
255 
255 
255 
255 
255 
255 
255 
255 
255 
255 
255 
255 
255 
255 
255 
255 
255 
255 
255 
255 
255 
255 
255 
255 
255 
255 
255 
255 
255 
255 
255 
255 
255 
255 
255 
255 
255 
255 
255 
255 
255 
255 
255 
255 
255 
255 
255 
255 
255 
255 
255 
255 
255 
255 
255 
255 
255 
255 
255 
255 
255 
255 
255 
255 
255 
255 
255 
255 
255 
255 
255 
255 
255 
255 
255 
255 
255 
255 
255 
255 
255 
255 
255 
255 
255 
255 
255 
255 
255 
255 
255 
255 
255 
255 
255 
255 
255 
255 
255 
255 
255 
255 
255 
255 
255 
255 
255 
255 
255 
255 
255 
255 
255 
255 
255 
255 
255 
255 
255 
255 
255 
255 
255 
255 
255 
255 
255 
255 
255 
255 
255 
255 
255 
255 
255 
255 
255 
255 
255 
255 
255 
255 
255 
255 
255 
255 
255 
255 
255 
255 
255 
255 
255 
255 
255 
255 
255 
255 
255 
255 
255 
255 
255 
255 
255 
255 
255 
255 
255 
255 
255 
255 
255 
255 
255 
255 
255 
255 
255 
255 
255 
255 
255 
255 
255 
255 
255 
255 
255 
255 
255 
255 
255 
255 
255 
255 
255 
255 
255 
255 
255 
255 
255 
255 
255 
255 
255 
255 
255 
255 
255 
255 
255 
255 
255 
255 
255 
255 
255 
255 
255 
255 
255 
255 
255 
255 
255 
255 
255 
255 
255 
255 
255 
255 
255 
255 
255 
255 
255 
255 
255 
255 
255 
255 
255 
255 
255 
255 
255 
255 
255 
255 
255 
255 
255 
255 
255 
255 
255 
255 
255 
255 
255 
255 
255 
255 
255 
255 
255 
255 
255 
255 
255 
255 
255 
255 
255 
255 
255 
255 
255 
255 
255 
255 
255 
255 
255 
255 
255 
255 
255 
255 
255 
255 
255 
255 
255 
